1 9 0 5 4 1 5 9 9 3
2 9 0 5 4 1 5 9 9 3
3 9 0 7 4 1 4 8 8 3
4 9 0 5 4 1 5 8 8 3
5 9 0 5 4 1 5 9 9 3
6 9 0 5 4 1 4 8 8 3
7 9 0 5 4 1 5 9 9 3
8 9 0 5 4 1 5 9 9 3
9 9 0 5 4 1 5 9 9 3
10 9 0 5 4 1 4 9 9 3
11 9 0 5 4 1 4 9 9 3
12 9 0 5 4 1 5 8 8 3
13 9 0 5 4 1 5 7 7 3
14 9 0 5 4 1 5 9 9 3
15 9 0 5 4 1 5 8 8 3
16 9 0 5 4 1 5 9 9 3
17 9 0 5 4 1 5 8 8 3
18 9 0 5 4 1 4 9 9 3
19 9 0 5 4 1 5 9 9 3
20 9 0 5 4 1 5 8 9 3
21 9 0 5 4 1 5 7 8 3
22 9 0 5 4 1 4 9 9 3
23 9 0 5 4 1 5 9 9 3
24 9 0 5 4 1 4 8 9 3
25 9 0 5 4 1 5 9 9 3
26 9 0 5 4 1 5 9 9 3
27 9 0 6 4 1 1 8 9 3
28 9 0 5 4 1 5 8 8 3
29 9 0 5 4 1 5 8 9 3
30 9 0 5 4 1 5 9 9 3
31 9 0 5 4 1 5 7 9 3
32 9 2 6 4 1 5 8 9 3
33 9 0 7 4 1 5 7 9 3
34 9 0 5 4 1 4 8 8 3
35 9 0 7 4 1 5 8 8 3
36 9 0 5 4 1 5 9 9 3
37 9 0 5 4 1 5 8 8 3
38 9 0 5 4 1 5 9 9 3
39 9 0 5 4 1 5 9 9 3
40 9 0 5 4 1 5 8 8 3
41 9 0 5 4 1 5 8 8 3
42 9 0 5 4 1 5 8 9 3
43 9 0 5 4 1 5 9 9 3
44 9 0 5 4 1 5 9 9 3
45 9 0 5 4 1 5 9 9 3
46 9 0 5 4 1 5 8 8 3
47 9 0 5 4 1 5 8 8 3
48 9 0 5 4 1 4 8 9 3
49 9 0 5 4 1 5 8 8 3
50 9 0 5 4 1 5 8 9 3
51 9 0 6 4 1 5 8 9 3
52 9 0 5 4 1 5 9 9 3
53 9 0 5 4 1 1 8 9 3
54 9 0 5 4 1 4 9 9 3
55 9 5 5 4 1 1 7 7 3
56 9 0 5 4 1 5 8 9 3
57 9 0 5 4 1 5 8 9 3
58 9 0 5 4 1 5 8 8 3
59 9 0 5 4 1 5 9 9 3
60 9 0 5 4 1 5 7 8 3
61 9 0 5 4 1 1 9 9 3
62 9 0 5 4 1 5 9 9 3
63 9 0 5 4 1 5 9 9 3
64 9 0 5 4 1 5 9 9 3
65 9 0 6 4 1 5 8 8 3
66 9 0 5 4 1 5 9 9 3
67 9 0 5 4 1 5 8 9 3
68 9 0 5 4 1 5 9 9 3
69 9 0 5 4 1 5 8 8 3
70 9 0 5 4 1 5 8 8 3
71 9 0 5 4 1 5 8 8 3
72 9 0 5 4 1 4 8 9 3
73 9 0 5 4 1 5 9 9 3
74 9 0 5 4 1 5 9 9 3
75 9 0 5 4 1 5 8 8 3
76 9 0 5 4 1 5 9 9 3
77 9 0 5 4 1 4 8 8 3
78 9 0 5 4 1 5 8 9 3
79 9 0 5 4 1 5 9 9 3
80 9 0 5 4 1 5 8 9 3
81 9 0 9 4 1 5 8 8 3
82 9 0 5 4 1 5 8 8 3
83 9 0 5 4 1 5 9 9 3
84 9 0 5 4 1 5 8 9 3
85 9 0 8 4 1 5 8 8 3
86 9 0 5 4 1 5 8 8 3
87 9 0 5 4 1 5 9 9 3
88 9 0 5 4 1 5 8 9 3
89 9 0 5 4 1 5 7 9 3
90 9 0 5 4 1 4 9 9 3
91 9 0 6 4 1 4 9 9 3
92 9 0 5 4 1 5 7 7 3
93 9 0 5 4 1 5 8 9 3
94 9 0 5 4 1 5 8 8 3
95 9 0 5 4 1 5 8 8 3
96 9 0 5 4 1 5 8 8 3
97 9 0 5 4 1 5 8 8 3
98 9 0 9 4 1 5 8 9 3
99 9 0 5 4 1 1 8 9 3
100 9 0 5 4 1 5 8 8 3
101 9 0 5 4 1 5 9 9 3
102 9 0 6 4 1 5 8 8 3
103 9 0 5 4 1 5 8 8 3
104 9 0 5 4 1 4 6 6 3
105 9 0 5 4 1 5 8 9 3
106 9 0 5 4 1 5 8 8 3
107 9 0 5 4 1 5 8 9 3
108 9 0 5 4 1 4 6 6 3
109 9 0 5 4 1 4 9 9 3
110 9 0 5 4 1 5 9 9 3
111 9 0 5 4 1 5 7 9 3
112 9 0 5 4 1 1 8 9 3
113 9 0 5 4 1 4 7 7 3
114 9 0 5 4 1 5 8 8 3
115 9 0 9 4 1 5 9 9 3
116 9 0 5 4 1 1 8 9 3
117 9 0 5 4 1 1 8 9 3
118 9 0 5 4 1 5 9 9 3
119 9 0 5 4 1 5 8 8 3
120 9 0 5 4 1 5 7 8 3
121 9 0 5 4 1 5 8 8 3
122 9 0 9 4 1 5 7 7 3
123 9 0 5 4 1 5 8 9 3
124 9 0 5 4 1 5 8 8 3
125 9 0 7 4 1 5 9 9 3
126 9 0 5 4 1 5 8 8 3
127 9 0 5 4 1 1 8 8 3
128 9 0 7 4 1 5 8 8 3
129 9 0 5 4 1 5 8 9 3
130 9 0 5 4 1 5 9 9 3
131 9 0 5 4 1 5 9 9 3
132 9 0 5 4 1 5 8 9 3
133 9 0 5 4 1 5 7 9 3
134 9 0 5 4 1 5 7 9 3
135 9 0 5 4 1 5 8 8 3
136 9 0 5 4 1 5 8 8 3
137 9 0 5 4 1 5 9 9 3
138 9 0 5 4 1 5 8 8 3
139 9 0 5 4 1 5 8 8 3
140 9 0 5 4 1 5 9 9 3
141 9 0 5 4 1 5 9 9 3
142 9 0 5 4 1 5 9 9 3
143 9 0 5 4 1 5 9 9 3
144 9 0 5 4 1 5 9 9 3
145 9 0 6 4 1 5 9 9 3
146 9 0 5 4 1 4 8 9 3
147 9 0 5 4 1 5 8 9 3
148 9 0 5 4 1 5 9 9 3
149 9 0 5 4 1 5 9 9 3
150 9 0 5 4 1 4 6 6 3
151 9 0 5 4 1 5 8 9 3
152 9 0 5 4 1 5 8 8 3
153 9 0 5 4 1 5 8 9 3
154 9 0 5 4 1 5 9 9 3
155 9 0 5 4 1 5 9 9 3
156 9 0 5 4 1 5 9 9 3
157 9 0 5 4 1 5 9 9 3
158 9 0 5 4 1 5 8 8 3
159 9 0 5 4 1 5 9 9 3
160 9 0 5 4 1 5 9 9 3
161 9 0 5 4 1 5 8 8 3
162 9 0 5 4 1 5 8 8 3
163 9 0 5 4 1 5 8 9 3
164 9 0 5 4 1 5 8 8 3
165 9 0 5 4 1 5 8 8 3
166 9 0 5 4 1 5 9 9 3
167 9 0 5 4 1 4 7 8 3
168 9 0 5 4 1 5 6 6 3
169 9 0 5 4 1 5 9 9 3
170 9 0 5 4 1 5 9 9 3
171 9 0 6 4 1 5 9 9 3
172 9 0 5 4 1 5 7 7 3
173 9 0 9 5 1 5 7 7 3
174 9 0 5 4 1 5 9 9 3
175 9 0 5 4 1 5 9 9 3
176 9 0 5 4 1 5 8 9 3
177 9 0 5 4 1 5 8 9 3
178 9 0 5 4 1 5 9 9 3
179 9 0 5 4 1 5 9 9 3
180 9 0 7 4 1 5 6 8 3
181 9 0 5 4 1 5 9 9 3
182 9 0 5 4 1 5 9 9 3
183 9 0 5 4 1 5 8 9 3
184 9 0 5 4 1 5 9 9 3
185 9 0 5 4 1 5 8 9 3
186 9 0 5 4 1 5 8 9 3
187 9 0 5 4 1 5 8 8 3
188 9 0 5 4 1 5 9 9 3
189 9 0 5 4 1 5 9 9 3
190 9 0 5 4 1 5 8 8 3
191 9 0 6 4 1 5 8 9 3
192 9 0 5 4 1 4 9 9 3
193 9 0 5 4 1 5 9 9 3
194 9 0 5 4 1 5 9 9 3
195 9 0 9 4 1 5 7 9 3
196 9 0 5 4 1 5 9 9 3
197 9 0 5 4 1 5 9 9 3
198 9 0 5 4 1 5 9 9 3
199 9 0 5 4 1 5 9 9 3
200 9 0 5 4 1 5 8 8 3
201 9 0 5 4 1 5 7 9 3
202 9 1 5 4 1 5 9 9 3
203 9 0 5 4 1 5 8 8 3
204 9 0 5 4 1 5 8 8 3
205 9 0 5 4 1 5 7 7 3
206 9 0 6 4 1 5 9 9 3
207 9 0 5 4 1 5 9 9 3
208 9 0 5 4 1 5 9 9 3
209 9 0 5 4 1 5 9 9 3
210 9 0 5 4 1 5 8 8 3
211 9 0 9 4 1 5 9 9 3
212 9 0 5 4 1 4 9 9 3
213 9 0 5 4 1 5 9 9 3
214 9 0 5 4 1 5 7 7 3
215 9 0 5 4 1 4 7 7 3
216 9 0 6 4 1 5 8 8 3
217 9 0 5 4 1 5 9 9 3
218 9 0 5 4 1 5 8 8 3
219 9 0 5 4 1 5 8 8 3
220 9 0 5 4 1 5 8 8 3
221 9 0 5 4 1 5 8 8 3
222 9 0 5 4 1 1 9 9 3
223 9 0 5 4 1 5 8 9 3
224 9 0 5 4 1 4 9 9 3
225 9 0 5 4 1 4 8 8 3
226 9 0 7 4 1 5 8 8 3
227 9 0 5 4 1 5 8 9 3
228 9 0 5 4 1 5 9 9 3
229 9 0 5 4 1 5 8 9 3
230 9 0 5 4 1 1 8 8 3
231 9 0 5 4 1 1 8 8 3
232 9 0 5 4 1 1 9 9 3
233 9 0 5 4 1 4 6 9 3
234 9 0 5 4 1 5 8 8 3
235 9 0 5 4 1 5 9 9 3
236 9 0 5 4 1 4 9 9 3
237 9 0 5 4 1 5 9 9 3
238 9 0 5 4 1 5 8 9 3
239 9 0 5 4 1 5 7 9 3
240 9 0 5 4 1 5 9 9 3
241 9 0 5 4 1 5 9 9 3
242 9 0 5 4 1 5 9 9 3
243 9 0 5 4 1 5 9 9 3
244 9 0 5 4 1 5 8 9 3
245 9 0 5 4 1 1 9 9 3
246 9 0 5 4 1 5 9 9 3
247 9 0 5 4 1 5 7 7 3
248 9 0 5 4 1 5 8 9 3
249 9 0 5 4 1 4 9 9 3
250 9 0 5 4 1 5 9 9 3
251 9 0 5 4 1 4 9 9 3
252 9 0 5 4 1 5 7 7 3
253 9 0 5 4 1 5 8 8 3
254 9 0 5 4 1 5 7 7 3
255 9 0 5 4 1 5 8 9 3
256 9 0 5 4 1 5 9 9 3
257 9 0 5 4 1 5 8 8 3
258 9 0 5 4 1 5 9 9 3
259 9 0 5 4 1 5 7 9 3
260 9 0 5 4 1 5 8 8 3
261 9 0 5 4 1 5 8 8 3
262 9 0 5 4 1 1 8 8 3
263 9 0 5 4 1 5 8 8 3
264 9 0 5 4 1 4 8 9 3
265 9 0 5 4 1 5 8 8 3
266 9 0 5 4 1 4 8 8 3
267 9 0 5 4 1 5 9 9 3
268 9 0 6 4 1 5 9 9 3
269 9 0 5 4 1 5 8 9 3
270 9 0 5 4 1 5 7 7 3
271 9 0 5 4 1 4 9 9 3
272 9 0 5 4 1 5 8 9 3
273 9 0 5 4 1 5 9 9 3
274 9 0 6 4 1 5 9 9 3
275 9 0 5 4 1 5 8 9 3
276 9 0 6 4 1 5 9 9 3
277 9 0 5 4 1 5 7 7 3
278 9 0 5 4 1 5 8 8 3
279 9 0 9 4 1 5 9 9 3
280 9 0 5 4 1 5 6 6 3
281 9 0 5 4 1 5 9 9 3
282 9 0 5 4 1 4 8 8 3
283 9 0 5 4 1 5 8 9 3
284 9 0 5 4 1 5 7 7 3
285 9 0 5 4 1 5 8 9 3
286 9 0 5 4 1 5 7 7 3
287 9 0 6 4 1 5 9 9 3
288 9 0 5 4 1 5 8 8 3
289 9 0 5 4 1 5 9 9 3
290 9 0 5 4 1 1 8 8 3
291 9 0 9 4 1 5 8 8 3
292 9 0 9 4 1 5 9 9 3
293 9 0 5 4 1 5 8 8 3
294 9 0 5 4 1 5 9 9 3
295 9 0 6 4 1 5 9 9 3
296 9 0 6 4 1 5 8 9 3
297 9 0 5 4 1 5 8 8 3
298 9 0 5 4 1 5 9 9 3
299 9 0 5 4 1 5 8 8 3
300 9 0 5 4 1 5 8 8 3
301 9 0 5 4 1 5 8 9 3
302 9 0 5 4 1 5 8 9 3
303 9 0 5 4 1 5 9 9 3
304 9 0 5 4 1 4 9 9 3
305 9 0 9 4 1 5 9 9 3
306 9 0 5 4 1 5 7 9 3
307 9 0 5 4 1 5 8 8 3
308 9 0 5 4 1 5 9 9 3
309 9 0 5 4 1 4 9 9 3
310 9 0 5 4 1 5 8 9 3
311 9 0 5 4 1 4 8 9 3
312 9 0 5 4 1 1 9 9 3
313 9 0 5 4 1 5 9 9 3
314 9 0 5 4 1 1 8 8 3
315 9 0 5 4 1 5 9 9 3
316 9 0 5 4 1 5 8 8 3
317 9 0 5 4 1 5 9 9 3
318 9 0 5 4 1 5 9 9 3
319 9 0 5 4 1 5 9 9 3
320 9 0 5 4 1 5 9 9 3
321 9 0 6 4 1 1 8 9 3
322 9 0 5 4 1 5 8 8 3
323 9 0 5 4 1 5 8 9 3
324 9 0 5 4 1 5 8 8 3
325 9 0 5 4 1 5 8 9 3
326 9 0 5 4 1 5 9 9 3
327 9 0 5 4 1 5 7 9 3
328 9 0 5 4 1 5 8 9 3
329 9 0 5 4 1 5 8 8 3
330 9 0 5 4 1 5 9 9 3
331 9 0 5 4 1 5 9 9 3
332 9 0 5 4 1 5 9 9 3
333 9 0 5 4 1 4 8 9 3
334 9 0 5 4 1 5 8 9 3
335 9 0 5 4 1 5 9 9 3
336 9 0 5 4 1 5 8 8 3
337 9 0 5 4 1 5 7 9 3
338 9 0 5 4 1 5 8 8 3
339 9 0 5 4 1 5 9 9 3
340 9 0 5 4 1 5 9 9 3
341 9 0 5 4 1 5 8 8 3
342 9 0 5 4 1 5 7 8 3
343 9 0 5 4 1 5 7 7 3
344 9 0 6 4 1 5 9 9 3
345 9 0 5 4 1 5 7 9 3
346 9 0 5 4 1 4 9 9 3
347 9 0 5 4 1 1 9 9 3
348 9 0 5 4 1 5 9 9 3
349 9 0 5 4 1 5 9 9 3
350 9 0 5 4 1 4 9 9 3
351 9 0 5 4 1 4 8 8 3
352 9 0 5 4 1 4 9 9 3
353 9 0 5 4 1 5 8 8 3
354 9 0 5 4 1 1 9 9 3
355 9 0 5 4 1 5 7 9 3
356 9 0 5 4 1 5 9 9 3
357 9 0 5 4 1 5 9 9 3
358 9 0 6 4 1 5 8 8 3
359 9 0 5 4 1 5 8 9 3
360 9 0 5 4 1 5 9 9 3
361 9 0 5 4 1 4 8 8 3
362 9 0 6 4 1 5 9 9 3
363 9 0 5 4 1 5 9 9 3
364 9 0 5 4 1 5 9 9 3
365 9 0 5 4 1 5 8 9 3
366 9 0 5 4 1 5 9 9 3
367 9 0 5 4 1 5 8 8 3
368 9 0 5 4 1 5 6 9 3
369 9 0 5 4 1 5 9 9 3
370 9 0 0 4 1 5 9 9 3
371 9 0 5 4 1 5 8 8 3
372 9 0 5 4 1 5 8 8 3
373 9 0 5 4 1 5 8 8 3
374 9 0 5 4 1 5 9 9 3
375 9 0 5 4 1 4 8 9 3
376 9 0 9 4 1 5 8 8 3
377 9 0 5 4 1 5 8 8 3
378 9 0 5 4 1 5 7 7 3
379 9 0 5 4 1 5 8 9 3
380 9 0 5 4 1 5 9 9 3
381 9 0 6 4 1 5 8 9 3
382 9 0 5 4 1 5 7 9 3
383 9 0 5 4 1 4 7 9 3
384 9 0 5 4 1 5 8 9 3
385 9 0 5 4 1 5 8 8 3
386 9 0 6 4 1 5 8 9 3
387 9 0 5 4 1 5 6 6 3
388 9 0 5 4 1 5 9 9 3
389 9 0 5 4 1 5 7 7 3
390 9 0 5 4 1 5 7 7 3
391 9 0 9 4 1 5 9 9 3
392 9 0 5 4 1 4 8 8 3
393 9 0 5 4 1 4 9 9 3
394 9 0 5 4 1 5 8 9 3
395 9 0 6 4 1 5 8 9 3
396 9 0 9 4 1 5 8 8 3
397 9 0 5 4 1 5 8 8 3
398 9 0 6 4 1 5 9 9 3
399 9 0 9 4 1 5 9 9 3
400 9 0 5 4 1 5 8 8 3
401 9 0 5 4 1 1 9 9 3
402 9 0 5 4 1 5 9 9 3
403 9 0 5 4 1 5 8 9 3
404 9 0 5 4 1 5 9 9 3
405 9 0 5 4 1 4 9 9 3
406 9 0 5 4 1 5 9 9 3
407 9 0 5 4 1 5 9 9 3
408 9 0 5 4 1 5 8 9 3
409 9 0 5 4 1 5 9 9 3
410 9 0 5 4 1 5 8 8 3
411 9 0 5 4 1 5 9 9 3
412 9 0 5 4 1 4 8 8 3
413 9 0 5 4 1 5 8 8 3
414 9 0 6 4 1 5 8 9 3
415 9 0 5 4 1 4 8 9 3
416 9 0 5 4 1 5 8 9 3
417 9 0 6 4 1 5 7 9 3
418 9 0 5 4 1 5 8 8 3
419 9 0 5 4 1 5 9 9 3
420 9 0 5 4 1 5 8 8 3
421 9 0 5 4 1 5 9 9 3
422 9 0 5 4 1 5 7 7 3
423 9 0 5 4 1 4 9 9 3
424 9 0 5 4 1 1 8 8 3
425 9 0 5 4 1 5 8 9 3
426 9 0 6 4 1 5 8 9 3
427 9 0 5 4 1 5 8 8 3
428 9 0 6 4 1 5 8 8 3
429 9 0 5 4 1 5 9 9 3
430 9 0 6 4 1 4 9 9 3
431 9 0 5 4 1 5 8 8 3
432 9 0 5 4 1 5 8 8 3
433 9 0 5 4 1 5 9 9 3
434 9 0 8 4 1 5 9 9 3
435 9 0 5 4 1 1 8 8 3
436 9 0 5 4 1 5 8 8 3
437 9 0 5 4 1 4 9 9 3
438 9 0 5 4 1 5 7 7 3
439 9 0 5 4 1 5 7 9 3
440 9 0 5 4 1 4 8 8 3
441 9 0 5 4 1 5 8 8 3
442 9 0 6 4 1 5 9 9 3
443 9 0 5 4 1 5 9 9 3
444 9 0 5 4 1 4 9 9 3
445 9 0 5 4 1 5 8 8 3
446 9 0 5 4 1 5 9 9 3
447 9 0 6 4 1 5 9 9 3
448 9 0 5 4 1 5 8 9 3
449 9 0 5 4 1 4 7 7 3
450 9 0 5 4 1 5 9 9 3
451 9 0 5 4 1 4 8 8 3
452 9 0 5 4 1 5 7 7 3
453 9 0 6 4 1 5 8 8 3
454 9 0 5 4 1 5 9 9 3
455 9 0 5 4 1 5 7 7 3
456 9 0 5 4 1 4 8 9 3
457 9 0 5 4 1 1 9 9 3
458 9 0 5 4 1 5 8 8 3
459 9 0 5 4 1 5 8 8 3
460 9 0 5 4 1 5 9 9 3
461 9 0 5 4 1 5 9 9 3
462 9 0 5 4 1 5 8 9 3
463 9 0 5 4 1 5 8 8 3
464 9 0 5 4 1 5 8 8 3
465 9 0 5 4 1 5 7 7 3
466 9 0 5 4 1 5 9 9 3
467 9 0 8 4 1 5 8 8 3
468 9 0 5 4 1 5 7 7 3
469 9 0 6 4 1 4 9 9 3
470 9 0 5 4 1 5 9 9 3
471 9 0 5 4 1 5 8 8 3
472 9 0 5 4 1 5 9 9 3
473 9 0 5 4 1 5 8 8 3
474 9 0 5 4 1 4 9 9 3
475 9 0 5 4 1 1 8 9 3
476 9 0 5 4 1 5 8 8 3
477 9 0 6 4 1 5 9 9 3
478 9 0 6 4 1 5 8 8 3
479 9 0 5 4 1 5 7 7 3
480 9 0 5 4 1 5 7 8 3
481 9 0 5 4 1 5 9 9 3
482 9 0 9 4 1 4 8 9 3
483 9 0 5 5 1 5 9 9 3
484 9 0 5 4 1 5 9 9 3
485 9 0 5 4 1 5 8 8 3
486 9 0 5 4 1 5 7 7 3
487 9 0 5 4 1 5 7 8 3
488 9 0 5 4 1 5 7 9 3
489 9 0 5 4 1 5 8 8 3
490 9 0 5 4 1 5 8 8 3
491 9 0 9 4 1 5 9 9 3
492 9 0 5 4 1 5 8 9 3
493 9 0 5 4 1 5 8 9 3
494 9 0 5 4 1 5 9 9 3
495 9 0 5 4 1 5 8 8 3
496 9 0 5 5 1 5 8 8 3
497 9 0 5 4 1 5 8 8 3
498 9 0 5 4 1 5 7 7 3
499 9 0 5 4 1 5 9 9 3
500 9 0 5 4 1 5 9 9 3
501 9 0 5 4 1 5 8 8 3
502 9 0 5 4 1 5 9 9 3
503 9 0 5 4 1 1 9 9 3
504 9 0 5 4 1 5 8 8 3
505 9 0 5 4 1 5 9 9 3
506 9 0 5 4 1 4 7 8 3
507 9 0 5 4 1 5 8 8 3
508 9 0 5 4 1 5 9 9 3
509 9 0 6 4 1 5 8 9 3
510 9 0 5 4 1 4 9 9 3
511 9 0 5 4 1 5 9 9 3
512 9 0 6 4 1 5 9 9 3
513 9 0 5 4 1 5 9 9 3
514 9 0 5 4 1 5 9 9 3
515 9 0 5 4 1 1 8 9 3
516 9 0 5 4 1 4 9 9 3
517 9 0 5 4 1 5 8 8 3
518 9 0 5 4 1 5 9 9 3
519 9 0 5 4 1 5 8 8 3
520 9 0 5 4 1 5 9 9 3
521 9 0 5 4 1 5 8 8 3
522 9 0 5 4 1 1 7 9 3
523 9 0 5 4 1 4 8 8 3
524 9 0 5 4 1 5 8 8 3
525 9 0 9 4 1 5 8 9 3
526 9 0 6 4 1 5 7 7 3
527 9 0 5 4 1 5 8 9 3
528 9 0 5 4 1 5 9 9 3
529 9 0 5 4 1 5 7 7 3
530 9 0 9 5 1 5 9 9 3
531 9 0 5 4 1 5 9 9 3
532 9 0 6 4 1 5 9 9 3
533 9 0 5 4 1 5 8 9 3
534 9 0 7 4 1 5 9 9 3
535 9 0 5 4 1 5 9 9 3
536 9 0 6 4 1 5 8 9 3
537 9 0 5 4 1 5 8 8 3
538 9 0 5 4 1 5 9 9 3
539 9 0 5 4 1 5 8 8 3
540 9 0 5 4 1 5 9 9 3
541 9 0 5 4 1 5 9 9 3
542 9 0 5 4 1 5 9 9 3
543 9 0 5 4 1 5 9 9 3
544 9 0 5 4 1 5 9 9 3
545 9 0 5 4 1 5 8 8 3
546 9 0 7 4 1 1 8 8 3
547 9 0 5 4 1 5 8 9 3
548 9 0 5 4 1 5 8 8 3
549 9 0 5 4 1 4 9 9 3
550 9 0 5 4 1 5 9 9 3
551 9 0 5 4 1 5 8 8 3
552 9 0 5 4 1 4 8 8 3
553 9 0 5 4 1 5 9 9 3
554 9 0 9 4 1 4 7 8 3
555 9 0 5 4 1 4 8 8 3
556 9 0 5 4 1 5 9 9 3
557 9 0 5 4 1 5 8 9 3
558 9 0 5 4 1 5 9 9 3
559 9 0 5 4 1 5 9 9 3
560 9 0 5 4 1 5 9 9 3
561 9 0 5 4 1 5 9 9 3
562 9 0 5 4 1 4 8 8 3
563 9 0 5 4 1 5 8 8 3
564 9 0 5 4 1 4 9 9 3
565 9 0 5 4 1 4 8 8 3
566 9 0 5 4 1 5 9 9 3
567 9 0 5 4 1 4 7 7 3
568 9 0 5 4 1 5 8 9 3
569 9 0 5 4 1 5 8 9 3
570 9 0 5 4 1 5 8 8 3
571 9 0 5 4 1 5 9 9 3
572 9 0 5 4 1 5 8 8 3
573 9 0 5 4 1 5 9 9 3
574 9 6 5 4 1 5 8 8 3
575 9 0 5 4 1 5 9 9 3
576 9 0 5 4 1 5 8 8 3
577 9 0 5 4 1 5 8 8 3
578 9 0 5 4 1 5 8 8 3
579 9 0 5 4 1 5 8 8 3
580 9 0 9 4 1 5 9 9 3
581 9 0 5 4 1 5 9 9 3
582 9 0 5 4 1 4 7 7 3
583 9 0 5 4 1 5 8 8 3
584 9 0 5 4 1 4 8 9 3
585 9 0 5 4 1 5 9 9 3
586 9 0 5 4 1 5 9 9 3
587 9 0 5 4 1 5 8 8 3
588 9 0 5 4 1 5 8 9 3
589 9 0 5 4 1 5 8 9 3
590 9 0 5 4 1 5 9 9 3
591 9 0 5 4 1 5 8 8 3
592 9 0 5 4 1 5 9 9 3
593 9 0 5 4 1 5 9 9 3
594 9 0 5 4 1 5 9 9 3
595 9 0 6 4 1 5 8 8 3
596 9 0 5 4 1 5 7 9 3
597 9 0 5 4 1 5 7 7 3
598 9 0 6 4 1 5 8 9 3
599 9 0 5 4 1 5 8 9 3
600 9 0 5 4 1 4 9 9 3
601 9 0 5 4 1 5 7 8 3
602 9 0 5 4 1 5 9 9 3
603 9 0 5 4 1 5 9 9 3
604 9 0 5 4 1 5 9 9 3
605 9 5 5 4 1 5 8 8 3
606 9 0 5 4 1 5 8 9 3
607 9 0 5 4 1 5 7 7 3
608 9 0 9 4 1 5 9 9 3
609 9 0 5 4 1 5 9 9 3
610 9 0 5 4 1 5 9 9 3
611 9 0 5 4 1 5 8 8 3
612 9 0 5 4 1 5 9 9 3
613 9 0 5 4 1 5 8 8 3
614 9 0 5 4 1 5 9 9 3
615 9 0 5 4 1 5 8 8 3
616 9 0 5 4 1 5 9 9 3
617 9 0 5 5 1 5 9 9 3
618 9 0 5 4 1 4 9 9 3
619 9 0 5 4 1 5 9 9 3
620 9 0 5 4 1 5 9 9 3
621 9 0 5 4 1 5 9 9 3
622 9 0 5 4 1 4 8 9 3
623 9 0 7 4 1 5 8 8 3
624 9 0 5 4 1 5 9 9 3
625 9 0 5 4 1 5 9 9 3
626 9 0 5 4 1 1 9 9 3
627 9 0 6 4 1 5 9 9 3
628 9 0 6 4 1 5 8 9 3
629 9 0 5 4 1 4 9 9 3
630 9 0 5 4 1 5 8 9 3
631 9 0 5 4 1 5 8 8 3
632 9 0 5 4 1 5 9 9 3
633 9 0 9 4 1 5 8 8 3
634 9 0 5 4 1 5 8 8 3
635 9 0 5 4 1 5 8 8 3
636 9 0 9 4 1 5 8 8 3
637 9 0 5 4 1 1 9 9 3
638 9 0 5 4 1 5 8 9 3
639 9 0 5 4 1 5 9 9 3
640 9 0 5 4 1 5 9 9 3
641 9 0 5 4 1 5 8 9 3
642 9 0 5 4 1 1 8 9 3
643 9 0 5 4 1 5 9 9 3
644 9 0 5 4 1 5 9 9 3
645 9 0 5 4 1 5 8 8 3
646 9 0 5 4 1 5 9 9 3
647 9 0 5 4 1 5 9 9 3
648 9 0 6 4 1 5 9 9 3
649 9 0 5 4 1 5 8 9 3
650 9 0 5 4 1 5 9 9 3
651 9 0 5 4 1 5 9 9 3
652 9 0 5 4 1 5 9 9 3
653 9 1 5 4 1 4 9 9 3
654 9 0 5 4 1 5 8 8 3
655 9 0 5 4 1 5 9 9 3
656 9 0 5 4 1 4 8 9 3
657 9 0 5 4 1 5 7 7 3
658 9 0 5 4 1 5 8 9 3
659 9 0 5 4 1 5 9 9 3
660 9 0 6 4 1 5 9 9 3
661 9 0 5 4 1 5 8 8 3
662 9 0 5 4 1 5 7 7 3
663 9 0 5 4 1 5 9 9 3
664 9 0 5 4 1 5 8 8 3
665 9 0 5 4 1 5 8 9 3
666 9 0 5 4 1 5 9 9 3
667 9 0 5 4 1 5 9 9 3
668 9 0 5 4 1 5 9 9 3
669 9 0 5 4 1 5 9 9 3
670 9 0 5 4 1 5 8 8 3
671 9 0 5 4 1 5 9 9 3
672 9 0 5 4 1 5 8 8 3
673 9 0 5 4 1 5 8 8 3
674 9 0 9 4 1 4 8 9 3
675 9 0 6 4 1 5 7 8 3
676 9 0 5 4 1 5 8 8 3
677 9 0 5 4 1 4 9 9 3
678 9 0 5 4 1 1 9 9 3
679 9 0 5 4 1 5 9 9 3
680 9 0 5 4 1 1 9 9 3
681 9 0 5 4 1 4 9 9 3
682 9 0 5 4 1 1 8 8 3
683 9 0 5 4 1 5 9 9 3
684 9 0 5 4 1 5 8 8 3
685 9 0 5 5 1 5 8 8 3
686 9 0 6 4 1 5 9 9 3
687 9 0 5 4 1 5 9 9 3
688 9 0 5 4 1 5 8 9 3
689 9 0 5 4 1 5 8 9 3
690 9 0 5 4 1 5 9 9 3
691 9 0 5 4 1 5 9 9 3
692 9 0 5 4 1 4 8 9 3
693 9 0 5 4 1 5 9 9 3
694 9 0 5 4 1 5 9 9 3
695 9 0 5 4 1 5 8 8 3
696 9 0 5 4 1 5 7 8 3
697 9 0 5 4 1 5 8 9 3
698 9 0 5 4 1 5 8 8 3
699 9 0 6 4 1 5 9 9 3
700 9 0 5 4 1 5 9 9 3
701 9 0 5 4 1 1 9 9 3
702 9 0 5 4 1 1 8 8 3
703 9 0 5 4 1 5 9 9 3
704 9 0 5 4 1 5 8 8 3
705 9 0 5 4 1 5 7 7 3
706 9 0 5 4 1 5 8 8 3
707 9 0 5 4 1 5 8 8 3
708 9 0 6 4 1 5 9 9 3
709 9 0 5 4 1 1 9 9 3
710 9 0 5 4 1 5 8 9 3
711 9 0 5 4 1 5 8 9 3
712 9 0 5 4 1 5 7 7 3
713 9 0 5 4 1 5 9 9 3
714 9 0 9 4 1 5 8 9 3
715 9 0 5 4 1 4 8 8 3
716 9 0 5 4 1 5 8 8 3
717 9 0 5 5 1 5 8 9 3
718 9 0 9 4 1 5 8 9 3
719 9 0 5 4 1 5 9 9 3
720 9 0 5 4 1 1 8 8 3
721 9 0 5 4 1 5 9 9 3
722 9 0 5 4 1 5 9 9 3
723 9 0 5 4 1 5 9 9 3
724 9 0 5 4 1 5 9 9 3
725 9 0 5 4 1 5 7 7 3
726 9 0 5 4 1 4 8 8 3
727 9 0 5 4 1 1 9 9 3
728 9 0 5 4 1 5 7 7 3
729 9 0 5 4 1 1 9 9 3
730 9 0 9 4 1 4 7 7 3
731 9 0 5 4 1 5 9 9 3
732 9 0 5 4 1 5 9 9 3
733 9 0 7 4 1 5 9 9 3
734 9 0 5 5 1 5 9 9 3
735 9 0 5 4 1 4 8 8 3
736 9 0 5 4 1 5 8 8 3
737 9 0 5 4 1 5 9 9 3
738 9 0 5 4 1 5 9 9 3
739 9 0 5 4 1 5 9 9 3
740 9 0 6 4 1 5 7 7 3
741 9 0 5 4 1 5 8 9 3
742 9 0 7 4 1 5 9 9 3
743 9 0 5 4 1 5 8 8 3
744 9 0 5 4 1 5 8 8 3
745 9 0 5 4 1 5 9 9 3
746 9 0 6 4 1 4 8 9 3
747 9 0 5 4 1 4 8 8 3
748 9 0 5 4 1 5 9 9 3
749 9 0 5 4 1 5 9 9 3
750 9 0 5 4 1 5 8 8 3
751 9 0 5 4 1 5 9 9 3
752 9 0 5 4 1 5 9 9 3
753 9 0 5 4 1 5 9 9 3
754 9 0 5 4 1 5 8 9 3
755 9 0 6 4 1 5 9 9 3
756 9 0 6 4 1 5 8 8 3
757 9 0 5 4 1 5 9 9 3
758 9 0 6 4 1 5 7 7 3
759 9 0 5 4 1 5 7 7 3
760 9 0 5 4 1 4 7 7 3
761 9 0 5 4 1 5 8 9 3
762 9 0 5 4 1 5 9 9 3
763 9 0 5 4 1 5 8 8 3
764 9 0 5 4 1 5 8 8 3
765 9 6 5 4 1 5 8 8 3
766 9 0 5 4 1 5 8 8 3
767 9 0 5 4 1 5 8 8 3
768 9 0 5 4 1 5 7 7 3
769 9 0 5 4 1 5 8 9 3
770 9 0 5 4 1 5 7 8 3
771 9 0 5 4 1 5 9 9 3
772 9 0 5 4 1 5 9 9 3
773 9 0 5 4 1 5 9 9 3
774 9 0 5 4 1 5 9 9 3
775 9 0 5 4 1 4 8 8 3
776 9 0 5 4 1 5 8 9 3
777 9 0 5 4 1 5 9 9 3
778 9 0 5 4 1 5 8 8 3
779 9 0 5 4 1 5 8 8 3
780 9 0 5 4 1 1 8 9 3
781 9 0 5 4 1 5 9 9 3
782 9 0 5 4 1 5 9 9 3
783 9 0 5 4 1 5 9 9 3
784 9 0 5 4 1 5 8 8 3
785 9 0 5 4 1 5 8 8 3
786 9 0 7 4 1 5 8 8 3
787 9 0 5 4 1 5 9 9 3
788 9 0 5 4 1 5 9 9 3
789 9 0 5 4 1 5 8 9 3
790 9 0 5 4 1 5 8 8 3
791 9 0 5 4 1 5 9 9 3
792 9 0 5 4 1 5 7 7 3
793 9 0 5 4 1 1 9 9 3
794 9 0 6 4 1 5 9 9 3
795 9 0 5 4 1 5 8 8 3
796 9 0 5 4 1 5 8 9 3
797 9 0 5 4 1 5 8 9 3
798 9 0 5 4 1 5 9 9 3
799 9 0 5 4 1 5 8 8 3
800 9 0 5 4 1 5 8 8 3
801 9 0 6 4 1 5 9 9 3
802 9 0 5 4 1 5 8 8 3
803 9 0 5 4 1 5 9 9 3
804 9 0 5 4 1 5 8 8 3
805 9 0 5 4 1 4 9 9 3
806 9 0 5 4 1 5 9 9 3
807 9 0 5 4 1 5 9 9 3
808 9 0 5 4 1 5 9 9 3
809 9 0 5 4 1 1 9 9 3
810 9 0 9 4 1 1 9 9 3
811 9 0 5 4 1 5 8 9 3
812 9 0 6 4 1 5 8 8 3
813 9 0 5 4 1 5 9 9 3
814 9 0 5 4 1 4 8 8 3
815 9 1 5 4 1 5 7 7 3
816 9 0 5 4 1 5 7 7 3
817 9 0 5 4 1 5 9 9 3
818 9 5 7 4 1 4 9 9 3
819 9 0 5 4 1 5 9 9 3
820 9 0 5 4 1 5 9 9 3
821 9 0 5 4 1 1 8 8 3
822 9 0 5 4 1 5 8 8 3
823 9 0 5 4 1 5 9 9 3
824 9 0 5 4 1 5 8 9 3
825 9 0 5 4 1 5 8 8 3
826 9 0 5 4 1 5 7 9 3
827 9 0 5 4 1 1 9 9 3
828 9 0 5 4 1 4 8 9 3
829 9 0 5 4 1 5 7 7 3
830 9 0 5 4 1 5 9 9 3
831 9 0 5 4 1 5 9 9 3
832 9 0 5 4 1 5 9 9 3
833 9 0 6 4 1 1 9 9 3
834 9 0 5 4 1 5 8 9 3
835 9 0 5 4 1 5 9 9 3
836 9 0 5 4 1 5 7 8 3
837 9 0 5 4 1 5 9 9 3
838 9 0 8 4 1 5 9 9 3
839 9 0 6 4 1 5 8 9 3
840 9 0 5 4 1 4 8 8 3
841 9 0 5 4 1 5 8 9 3
842 9 0 5 4 1 5 9 9 3
843 9 0 5 4 1 5 9 9 3
844 9 0 5 4 1 5 9 9 3
845 9 0 5 4 1 5 9 9 3
846 9 0 5 4 1 5 9 9 3
847 9 0 5 4 1 5 7 9 3
848 9 0 5 4 1 5 9 9 3
849 9 0 5 4 1 5 8 9 3
850 9 0 5 4 1 5 9 9 3
851 9 0 5 4 1 5 9 9 3
852 9 0 5 4 1 4 9 9 3
853 9 0 6 4 1 4 9 9 3
854 9 0 5 4 1 5 8 8 3
855 9 0 5 4 1 5 9 9 3
856 9 0 5 4 1 5 9 9 3
857 9 0 5 4 1 5 9 9 3
858 9 0 5 4 1 5 7 9 3
859 9 0 5 4 1 4 8 9 3
860 9 0 5 4 1 5 8 8 3
861 9 0 5 4 1 5 9 9 3
862 9 0 5 4 1 5 7 7 3
863 9 0 5 4 1 5 9 9 3
864 9 0 7 4 1 5 9 9 3
865 9 0 5 4 1 5 8 8 3
866 9 0 5 4 1 5 8 8 3
867 9 0 5 4 1 5 9 9 3
868 9 0 6 4 1 5 9 9 3
869 9 0 5 4 1 5 9 9 3
870 9 0 5 4 1 5 8 9 3
871 9 0 6 4 1 5 7 7 3
872 9 0 5 4 1 5 8 8 3
873 9 0 5 4 1 5 9 9 3
874 9 0 5 4 1 5 8 9 3
875 9 0 5 4 1 5 8 8 3
876 9 0 5 4 1 5 9 9 3
877 9 0 5 4 1 5 8 8 3
878 9 0 5 4 1 5 9 9 3
879 9 0 5 4 1 5 8 9 3
880 9 0 6 4 1 5 9 9 3
881 9 0 5 4 1 5 9 9 3
882 9 0 5 4 1 5 8 9 3
883 9 0 5 4 1 5 8 9 3
884 9 0 5 4 1 5 8 8 3
885 9 0 5 4 1 5 9 9 3
886 9 0 5 4 1 5 9 9 3
887 9 0 5 4 1 4 8 8 3
888 9 0 5 4 1 5 8 8 3
889 9 0 5 4 1 5 9 9 3
890 9 0 5 4 1 5 8 8 3
891 9 0 5 4 1 5 9 9 3
892 9 0 5 4 1 5 8 9 3
893 9 0 5 4 1 5 8 9 3
894 9 0 5 4 1 4 7 7 3
895 9 0 5 4 1 5 9 9 3
896 9 0 5 4 1 5 9 9 3
897 9 0 5 4 1 1 6 6 3
898 9 0 5 4 1 5 9 9 3
899 9 0 5 4 1 4 8 8 3
900 9 0 5 4 1 1 8 9 3
901 9 0 6 4 1 5 7 7 3
902 9 0 6 4 1 5 9 9 3
903 9 0 5 4 1 5 8 8 3
904 9 0 5 4 1 5 8 9 3
905 9 0 5 4 1 5 9 9 3
906 9 0 5 4 1 1 9 9 3
907 9 0 5 4 1 5 8 8 3
908 9 0 5 4 1 5 8 8 3
909 9 0 5 4 1 5 9 9 3
910 9 0 5 4 1 4 9 9 3
911 9 0 5 4 1 5 8 8 3
912 9 0 5 4 1 5 9 9 3
913 9 0 5 4 1 4 8 8 3
914 9 0 5 4 1 5 8 8 3
915 9 0 5 4 1 5 8 8 3
916 9 0 5 4 1 5 9 9 3
917 9 0 5 4 1 5 9 9 3
918 9 0 5 4 1 5 8 9 3
919 9 0 5 4 1 5 9 9 3
920 9 0 5 4 1 1 8 8 3
921 9 0 5 4 1 5 9 9 3
922 9 0 5 4 1 5 9 9 3
923 9 0 5 4 1 5 9 9 3
924 9 0 5 4 1 5 7 7 3
925 9 0 5 4 1 5 9 9 3
926 9 0 5 4 1 1 9 9 3
927 9 0 5 4 1 5 7 7 3
928 9 0 5 4 1 5 9 9 3
929 9 0 5 5 1 5 9 9 3
930 9 0 5 4 1 5 8 8 3
931 9 0 5 4 1 5 9 9 3
932 9 0 5 4 1 5 9 9 3
933 9 0 5 4 1 5 8 9 3
934 9 0 5 4 1 5 9 9 3
935 9 0 5 4 1 5 9 9 3
936 9 0 5 4 1 5 8 9 3
937 9 0 5 4 1 5 8 8 3
938 9 0 5 4 1 4 8 8 3
939 9 0 5 4 1 5 9 9 3
940 9 0 5 4 1 5 9 9 3
941 9 0 5 4 1 5 9 9 3
942 9 0 5 4 1 5 9 9 3
943 9 0 5 4 1 5 9 9 3
944 9 0 5 4 1 5 9 9 3
945 9 0 5 4 1 4 9 9 3
946 9 0 5 4 1 5 7 8 3
947 9 0 5 4 1 5 8 8 3
948 9 0 5 4 1 5 9 9 3
949 9 0 5 4 1 5 8 8 3
950 9 0 6 4 1 5 8 8 3
951 9 0 5 4 1 5 8 9 3
952 9 0 5 4 1 1 8 9 3
953 9 0 5 4 1 5 9 9 3
954 9 0 5 4 1 5 9 9 3
955 9 0 5 4 1 5 9 9 3
956 9 0 5 4 1 5 9 9 3
957 9 0 5 4 1 5 9 9 3
958 9 0 5 4 1 5 9 9 3
959 9 0 5 4 1 4 9 9 3
960 9 0 5 4 1 5 8 9 3
961 9 0 5 4 1 5 9 9 3
962 9 0 6 4 1 5 8 8 3
963 9 0 5 4 1 5 9 9 3
964 9 0 5 4 1 5 9 9 3
965 9 0 5 4 1 5 9 9 3
966 9 0 5 4 1 4 9 9 3
967 9 0 5 4 1 5 9 9 3
968 9 0 5 4 1 5 8 9 3
969 9 0 5 4 1 5 9 9 3
970 9 0 5 4 1 1 7 7 3
971 9 0 5 4 1 5 9 9 3
972 9 0 5 4 1 5 9 9 3
973 9 0 5 4 1 5 8 9 3
974 9 0 7 4 1 5 8 9 3
975 9 0 5 4 1 5 8 8 3
976 9 0 8 4 1 5 9 9 3
977 9 0 9 4 1 5 9 9 3
978 9 0 5 4 1 5 8 9 3
979 9 0 5 4 1 5 8 9 3
980 9 8 5 4 1 5 8 8 3
981 9 0 5 4 1 5 7 7 3
982 9 0 9 4 1 5 8 8 3
983 9 0 5 4 1 5 7 8 3
984 9 0 6 4 1 5 8 8 3
985 9 0 8 4 1 5 9 9 3
986 9 0 5 4 1 5 9 9 3
987 9 0 5 4 1 5 9 9 3
988 9 0 5 4 1 5 8 8 3
989 9 0 5 4 1 5 8 8 3
990 9 0 5 4 1 5 8 8 3
991 9 0 5 4 1 5 8 8 3
992 9 0 5 4 1 5 8 8 3
993 9 0 5 4 1 5 9 9 3
994 9 0 5 4 1 5 9 9 3
995 9 0 5 4 1 5 8 9 3
996 9 0 5 4 1 5 9 9 3
997 9 0 5 4 1 5 9 9 3
998 9 0 5 4 1 5 9 9 3
999 9 0 6 4 1 5 8 8 3
1000 9 0 5 4 1 5 8 9 3
