1 99 10 72 10 10 10 10 1 1 31 10 10 21 28 10
2 99 10 72 10 10 10 10 1 1 31 10 10 21 27 10
3 99 10 65 10 10 10 10 1 1 32 10 10 22 28 10
4 99 10 57 10 10 10 10 1 1 31 10 10 22 28 10
5 99 10 70 10 10 10 10 1 1 31 10 1 21 27 10
6 99 10 25 10 10 10 10 1 1 31 10 10 22 25 10
7 99 10 73 10 10 10 10 1 1 30 10 10 22 27 10
8 99 10 71 10 10 10 10 1 1 31 10 10 22 27 10
9 99 10 48 10 10 10 10 1 1 31 10 10 22 26 10
10 99 10 52 10 10 10 10 1 1 31 10 10 22 27 10
11 99 10 50 10 10 10 10 1 1 31 10 10 22 28 10
12 99 10 44 10 10 10 10 1 1 31 10 10 22 28 10
13 99 10 53 10 10 10 10 1 1 31 10 7 22 27 10
14 99 10 43 10 10 10 10 1 1 31 10 10 22 27 10
15 99 10 23 10 10 10 10 1 1 31 10 10 21 27 10
16 99 10 61 10 10 10 10 1 1 31 10 9 22 29 10
17 99 10 20 10 10 10 10 1 1 31 10 10 22 28 10
18 99 10 20 10 10 10 10 1 1 31 10 10 23 26 10
19 99 10 25 10 10 10 10 1 1 31 10 9 22 27 10
20 99 10 32 10 10 10 10 1 1 31 10 10 22 27 10
21 99 10 62 10 10 10 10 1 1 31 10 10 22 28 10
22 99 10 21 10 10 10 10 1 1 31 10 10 22 27 10
23 99 10 46 10 10 10 10 1 1 31 10 10 22 27 10
24 99 10 28 10 10 10 10 1 1 31 10 10 22 28 10
25 99 10 29 10 10 10 10 1 1 30 10 10 22 26 10
26 99 10 66 10 10 10 10 1 1 31 10 8 22 28 10
27 99 10 28 10 10 10 10 1 1 31 10 10 22 28 10
28 99 10 73 10 10 10 10 1 1 31 10 10 22 28 10
29 99 10 73 10 10 10 10 1 1 32 10 10 21 27 10
30 99 10 33 10 10 10 10 1 1 31 10 9 22 28 10
31 99 10 66 10 10 10 10 1 1 32 10 10 22 29 10
32 99 10 64 10 10 10 10 1 1 31 10 10 22 27 10
33 99 10 20 10 10 10 10 1 1 31 10 1 21 28 10
34 99 10 75 10 10 10 10 1 1 31 10 10 22 28 10
35 99 10 21 10 10 10 10 1 1 31 10 10 22 27 10
36 99 10 21 10 10 10 10 1 1 31 10 10 22 28 10
37 99 10 23 10 10 10 10 1 1 31 10 10 22 28 10
38 99 10 28 10 10 10 10 1 1 31 10 10 22 28 10
39 99 10 20 10 10 10 10 1 1 31 10 10 22 27 10
40 99 10 65 10 10 10 10 1 1 31 10 1 22 27 10
41 99 10 30 10 10 10 10 1 1 31 10 10 21 28 10
42 99 10 59 10 10 10 10 1 1 31 10 10 22 27 10
43 99 10 22 10 10 10 10 1 1 31 10 10 22 29 10
44 99 10 67 10 10 10 10 1 1 31 10 10 21 28 10
45 99 10 64 10 10 10 10 1 1 31 10 10 22 28 10
46 99 10 21 10 10 10 10 1 1 31 10 10 22 27 10
47 99 10 47 10 10 10 10 1 1 31 10 10 22 26 10
48 99 10 45 10 10 10 10 1 1 31 10 10 21 28 10
49 99 10 69 10 10 10 10 1 1 31 10 9 22 27 10
50 99 10 34 10 10 10 10 1 1 31 10 10 23 27 10
51 99 10 19 10 10 10 10 1 1 31 10 10 22 28 10
52 99 10 26 10 10 10 10 1 1 31 10 10 21 28 10
53 99 10 20 10 10 10 10 1 1 31 10 10 22 27 10
54 99 10 32 10 10 10 10 1 1 30 10 10 22 27 10
55 99 10 21 10 10 10 10 1 1 31 10 10 22 26 10
56 99 10 61 10 10 10 10 1 1 31 10 10 22 28 10
57 99 10 19 10 10 10 10 1 1 31 10 10 22 28 10
58 99 10 39 10 10 10 10 1 1 31 10 10 22 28 10
59 99 10 39 10 10 10 10 1 1 31 10 10 22 28 10
60 99 10 67 10 10 10 10 1 1 31 10 10 22 28 10
61 99 10 29 10 10 10 10 1 1 31 10 10 22 28 10
62 99 10 26 10 10 10 10 1 1 31 10 10 22 27 10
63 99 10 68 10 10 10 10 1 1 31 10 10 22 28 10
64 99 10 42 10 10 10 10 1 1 32 10 10 22 29 10
65 99 10 50 10 10 10 10 1 1 31 10 1 22 27 10
66 99 10 55 10 10 10 10 1 1 31 10 10 22 26 10
67 99 10 35 10 10 10 10 1 1 32 10 10 22 29 10
68 99 10 39 10 10 10 10 1 1 31 10 10 21 27 10
69 99 10 21 10 10 10 10 1 1 31 10 1 22 28 10
70 99 10 70 10 10 10 10 1 1 31 10 10 21 27 10
71 99 10 74 10 10 10 10 1 1 31 10 10 21 28 10
72 99 10 23 10 10 10 10 1 1 31 10 10 22 29 10
73 99 10 21 10 10 10 10 1 1 31 10 10 21 27 10
74 99 10 45 10 10 10 10 1 1 32 10 10 21 30 10
75 99 10 24 10 10 10 10 1 1 31 10 10 22 29 10
76 99 10 25 10 10 10 10 1 1 31 10 10 22 27 10
77 99 10 35 10 10 10 10 1 1 30 10 1 21 25 10
78 99 10 20 10 10 10 10 1 1 31 10 10 22 28 10
79 99 10 19 10 10 10 10 1 1 31 10 10 22 29 10
80 99 10 64 10 10 10 10 1 1 31 10 9 22 28 10
81 99 10 20 10 10 10 10 1 1 31 10 10 22 25 10
82 99 10 47 10 10 10 10 1 1 31 10 10 21 28 10
83 99 10 31 10 10 10 10 1 1 31 10 10 22 28 10
84 99 10 21 10 10 10 10 1 1 31 10 10 22 28 10
85 99 10 59 10 10 10 10 1 1 31 10 10 22 26 10
86 99 10 67 10 10 10 10 1 1 31 10 10 23 28 10
87 99 10 55 10 10 10 10 1 1 31 10 10 21 28 10
88 99 10 58 10 10 10 10 1 1 31 10 10 22 27 10
89 99 10 19 10 10 10 10 1 1 31 10 10 22 28 10
90 99 10 28 10 10 10 10 1 1 31 10 10 22 28 10
91 99 10 27 10 10 10 10 1 1 31 10 10 22 26 10
92 99 10 29 10 10 10 10 1 1 31 10 10 22 28 10
93 99 10 27 10 10 10 10 1 1 31 10 10 22 26 10
94 99 10 53 10 10 10 10 1 1 31 10 10 22 27 10
95 99 10 19 10 10 10 10 1 1 31 10 10 22 29 10
96 99 10 71 10 10 10 10 1 1 31 10 10 22 27 10
97 99 10 64 10 10 10 10 1 1 31 10 10 22 28 10
98 99 10 25 10 10 10 10 1 1 31 10 1 21 27 10
99 99 10 71 10 10 10 10 1 1 31 10 10 22 27 10
100 99 10 58 10 10 10 10 1 1 31 10 10 22 27 10
