1 99 20 20 20 20 20 20 1 1 35 20 20 52 23 10
2 99 20 20 20 20 20 20 1 1 35 20 20 53 24 10
3 99 20 20 20 20 20 20 1 1 35 20 20 53 24 10
4 99 20 20 20 20 20 20 1 1 34 20 20 51 23 10
5 99 20 20 20 20 20 20 1 1 34 20 20 49 22 10
6 99 21 20 20 20 20 20 1 1 35 20 20 54 23 10
7 99 20 20 20 20 20 20 1 1 35 20 20 53 24 10
8 99 21 20 20 20 20 20 1 1 35 20 20 56 23 10
9 99 21 20 20 20 20 20 1 1 34 20 20 50 23 10
10 99 20 20 20 20 20 20 1 1 34 20 20 51 22 10
11 99 20 20 20 20 20 20 1 1 35 20 20 54 24 10
12 99 20 20 20 20 20 20 1 1 35 20 20 49 24 10
13 99 20 20 20 20 20 20 1 1 34 20 20 50 24 10
14 99 20 20 20 20 20 20 1 1 35 20 20 51 24 10
15 99 20 20 20 20 20 20 1 1 35 20 20 53 24 10
16 99 20 20 20 20 20 20 1 1 35 20 20 51 23 10
17 99 20 20 20 20 20 20 1 1 34 20 20 50 23 10
18 99 20 20 20 20 20 20 1 1 35 20 20 54 23 10
19 99 20 20 20 20 20 20 1 1 35 20 20 54 24 10
20 99 20 20 20 20 20 20 1 1 35 20 20 52 23 10
21 99 21 20 20 20 20 20 1 1 35 20 20 55 25 10
22 99 20 20 20 20 20 20 1 1 35 20 20 53 24 10
23 99 20 20 20 20 20 20 1 1 34 20 20 51 22 10
24 99 20 20 20 20 20 20 1 1 35 20 20 52 24 10
25 99 20 20 20 20 20 20 1 1 34 20 20 50 22 10
26 99 20 20 20 20 20 20 1 1 35 20 20 53 24 10
27 99 21 20 20 20 20 20 1 1 35 20 20 55 23 10
28 99 20 20 20 20 20 20 1 1 34 20 20 53 22 10
29 99 20 20 20 20 20 20 1 1 34 20 20 50 23 10
30 99 20 20 20 20 20 20 1 1 35 20 20 52 23 10
31 99 20 20 20 20 20 20 1 1 35 20 20 53 25 10
32 99 20 20 20 20 20 20 1 1 35 20 20 52 23 10
33 99 20 20 20 20 20 20 1 1 35 20 20 52 24 10
34 99 20 20 20 20 20 20 1 1 35 20 20 53 23 10
35 99 20 20 20 20 20 20 1 1 34 20 20 51 23 10
36 99 20 20 20 20 20 20 1 1 35 20 20 51 23 10
37 99 20 20 20 20 20 20 1 1 35 20 20 52 23 10
38 99 20 20 20 20 20 20 1 1 35 20 20 50 24 10
39 99 20 20 20 20 20 20 1 1 35 20 20 53 23 10
40 99 20 20 20 20 20 20 1 1 35 20 20 52 23 10
41 99 20 20 20 20 20 20 1 1 34 20 20 51 23 10
42 99 20 20 20 20 20 20 1 1 35 20 20 54 23 10
43 99 20 20 20 20 20 20 1 1 35 20 20 52 22 10
44 99 20 20 20 20 20 20 1 1 34 20 20 50 22 10
45 99 20 20 20 20 20 20 1 1 34 20 20 51 22 10
46 99 20 20 20 20 20 20 1 1 35 20 20 53 23 10
47 99 20 20 20 20 20 20 1 1 35 20 20 53 23 10
48 99 20 20 20 20 20 20 1 1 35 20 20 53 24 10
49 99 20 20 20 20 20 20 1 1 35 20 20 51 23 10
50 99 21 20 20 20 20 20 1 1 35 20 20 52 23 10
51 99 20 20 20 20 20 20 1 1 35 20 20 51 23 10
52 99 22 21 20 20 20 20 1 1 35 20 20 54 23 10
53 99 20 20 20 20 20 20 1 1 35 20 20 54 23 10
54 99 20 20 20 20 20 20 1 1 35 20 20 52 24 10
55 99 20 20 20 20 20 20 1 1 35 20 20 51 24 10
56 99 21 20 20 20 20 20 1 1 35 20 20 51 23 10
57 99 20 20 20 20 20 20 1 1 35 20 20 53 24 10
58 99 20 20 20 20 20 20 1 1 35 20 20 53 23 10
59 99 20 20 20 20 20 20 1 1 35 20 20 53 24 10
60 99 21 20 20 20 20 20 1 1 35 20 20 51 24 10
61 99 21 20 20 20 20 20 1 1 34 20 20 51 24 10
62 99 20 20 20 20 20 20 1 1 35 20 20 56 24 10
63 99 20 20 20 20 20 20 1 1 35 20 20 51 23 10
64 99 20 20 20 20 20 20 1 1 35 20 20 51 23 10
65 99 20 20 20 20 20 20 1 1 35 20 20 52 23 10
66 99 21 21 20 20 20 20 1 1 35 20 20 52 24 10
67 99 20 20 20 20 20 20 1 1 35 20 20 51 23 10
68 99 20 20 20 20 20 20 1 1 35 20 20 53 23 10
69 99 20 20 20 20 20 20 1 1 35 20 20 53 24 10
70 99 20 20 20 20 20 20 1 1 34 20 20 50 21 10
71 99 20 20 20 20 20 20 1 1 35 20 20 53 24 10
72 99 20 20 20 20 20 20 1 1 34 20 20 51 22 10
73 99 20 20 20 20 20 20 1 1 35 20 20 52 24 10
74 99 22 20 20 20 20 20 1 1 35 20 20 54 23 10
75 99 20 20 20 20 20 20 1 1 35 20 20 53 23 10
76 99 20 20 20 20 20 20 1 1 34 20 20 50 22 10
77 99 20 20 20 20 20 20 1 1 35 20 20 52 24 10
78 99 20 20 20 20 20 20 1 1 35 20 20 54 24 10
79 99 20 20 20 20 20 20 1 1 35 20 20 54 23 10
80 99 20 20 20 20 20 20 1 1 35 20 20 53 24 10
81 99 20 20 20 20 20 20 1 1 35 20 20 52 23 10
82 99 20 20 20 20 20 20 1 1 35 20 20 51 24 10
83 99 20 20 20 20 20 20 1 1 34 20 20 51 23 10
84 99 20 20 20 20 20 20 1 1 35 20 20 52 24 10
85 99 20 20 20 20 20 20 1 1 35 20 20 50 24 10
86 99 21 20 20 20 20 20 1 1 35 20 20 54 22 10
87 99 20 20 20 20 20 20 1 1 34 20 20 50 23 10
88 99 20 20 20 20 20 20 1 1 34 20 20 50 23 10
89 99 20 20 20 20 20 20 1 1 34 20 20 53 23 10
90 99 20 20 20 20 20 20 1 1 35 20 20 52 23 10
91 99 20 20 20 20 20 20 1 1 35 20 20 53 24 10
92 99 20 20 20 20 20 20 1 1 35 20 20 53 24 10
93 99 20 20 20 20 20 20 1 1 34 20 20 53 23 10
94 99 20 20 20 20 20 20 1 1 35 20 20 53 24 10
95 99 20 20 20 20 20 20 1 1 35 20 20 53 25 10
96 99 20 20 20 20 20 20 1 1 34 20 20 51 23 10
97 99 20 20 20 20 20 20 1 1 35 20 20 52 24 10
98 99 22 20 20 20 20 20 1 1 34 20 20 51 22 10
99 99 20 20 20 20 20 20 1 1 34 20 20 52 23 10
100 99 20 20 20 20 20 20 1 1 34 20 20 53 22 10
