1 99 0 64 1 1 8 1 1 1 32 1 1 100 39 1
2 99 0 75 1 1 11 2 1 1 34 1 1 2 40 2
3 99 0 56 1 1 12 2 1 1 34 1 1 2 41 2
4 99 0 73 1 1 9 2 1 1 33 1 1 2 41 2
5 99 0 78 1 1 14 4 1 1 35 1 1 2 38 4
6 99 0 51 1 1 9 1 1 1 34 1 1 2 41 1
7 99 0 71 1 1 8 1 1 1 32 1 1 100 35 1
8 99 0 73 1 1 5 1 1 1 32 1 1 100 41 1
9 99 0 59 1 1 9 2 1 1 33 3 1 100 41 2
10 99 0 75 1 1 10 1 1 1 33 1 1 100 37 1
11 99 0 38 1 1 13 4 1 1 35 3 2 6 45 4
12 99 0 71 1 1 13 2 1 1 34 1 1 2 39 2
13 99 0 39 1 1 7 1 1 1 32 1 1 3 36 1
14 99 0 66 1 1 6 3 1 1 32 2 1 6 37 3
15 99 0 46 1 1 9 3 1 1 34 1 1 2 39 3
16 99 0 57 1 1 9 1 1 1 34 1 1 2 40 1
17 99 0 37 1 1 9 1 1 1 33 1 1 100 35 1
18 99 0 49 1 1 14 2 1 1 35 1 1 100 41 2
19 99 0 51 1 1 8 1 1 1 33 1 1 2 37 1
20 99 0 64 1 1 9 1 1 1 34 1 1 100 40 1
21 99 0 59 1 1 12 2 1 1 34 1 1 2 38 2
22 99 0 40 1 1 6 1 1 1 32 1 1 2 33 1
23 99 0 38 1 1 9 1 1 1 32 3 1 100 38 1
24 99 0 76 1 1 8 1 1 1 32 1 1 100 38 1
25 99 0 41 1 1 11 3 1 1 33 1 1 4 38 3
26 99 0 36 1 1 7 1 1 1 33 1 1 100 38 1
27 99 0 63 1 1 10 3 1 1 34 1 1 2 43 3
28 99 0 36 1 1 12 6 1 1 34 1 1 3 41 6
29 99 0 65 1 1 8 1 1 1 33 1 1 2 39 1
30 99 0 51 1 1 8 3 1 1 33 1 1 2 38 3
31 99 0 49 1 1 10 1 1 1 33 1 1 2 39 1
32 99 0 39 1 1 8 1 1 1 33 4 1 100 37 1
33 99 0 49 1 1 12 3 1 1 34 1 1 2 39 3
34 99 0 40 1 1 9 2 1 1 33 1 1 2 38 2
35 99 0 69 1 1 10 4 1 1 33 1 1 3 36 4
36 99 0 36 1 1 10 1 1 1 33 1 1 2 37 1
37 99 0 71 1 1 8 1 1 1 33 1 1 100 40 1
38 99 0 70 1 1 8 2 1 1 33 2 1 4 38 2
39 99 0 77 1 1 5 1 1 1 32 1 1 100 36 1
40 99 0 42 1 1 8 1 1 1 32 1 1 100 36 1
41 99 0 42 1 1 9 3 1 1 33 3 1 6 42 3
42 99 0 45 1 1 8 1 1 1 33 3 1 100 36 1
43 99 0 60 1 1 6 1 1 1 31 98 99 100 32 1
44 99 0 75 1 1 9 2 1 1 33 1 1 3 37 2
45 99 0 71 1 1 9 2 1 1 32 1 1 2 36 2
46 99 0 68 1 1 9 1 1 1 33 1 1 4 36 1
47 99 0 64 1 1 11 3 1 1 34 1 1 2 41 3
48 99 0 58 1 1 8 1 1 1 33 1 1 2 37 1
49 99 0 40 1 1 8 2 1 1 32 1 1 6 37 2
50 99 0 56 1 1 8 1 1 1 33 3 1 100 40 1
51 99 0 58 1 1 11 3 1 1 33 2 1 100 38 3
52 99 0 39 1 1 6 1 1 1 32 1 1 3 39 1
53 99 0 42 1 1 7 1 1 1 32 1 1 100 37 1
54 99 0 47 1 1 6 1 1 1 32 1 1 2 32 1
55 99 0 35 1 1 12 1 1 1 34 1 1 2 37 1
56 99 0 49 1 1 6 1 1 1 32 1 1 100 36 1
57 99 0 73 1 1 6 1 1 1 32 1 1 100 34 1
58 99 0 64 1 1 12 4 1 1 34 4 1 9 37 4
59 99 0 44 1 1 6 1 1 1 32 1 1 2 40 1
60 99 0 46 1 1 6 1 1 1 31 1 1 2 35 1
61 99 0 49 1 1 7 1 1 1 32 2 1 100 35 1
62 99 0 47 1 1 7 1 1 1 32 4 1 100 36 1
63 99 0 38 1 1 8 1 1 1 33 1 1 100 40 1
64 99 0 70 1 1 10 2 1 1 33 2 1 4 41 2
65 99 0 37 1 1 8 1 1 1 33 1 1 100 38 1
66 99 0 37 1 1 11 2 1 1 33 2 1 3 42 2
67 99 0 63 1 1 9 1 1 1 33 1 1 100 39 1
68 99 0 65 1 1 11 1 1 1 33 2 2 100 40 1
69 99 0 72 1 1 8 1 1 1 33 1 1 2 40 1
70 99 0 44 1 1 11 1 1 1 33 1 1 100 37 1
71 99 0 77 1 1 6 1 1 1 32 3 99 100 35 1
72 99 0 61 1 1 10 1 1 1 33 1 1 2 37 1
73 99 0 46 1 1 11 1 1 1 33 1 1 100 40 1
74 99 0 37 1 1 13 1 1 1 34 1 1 2 40 1
75 99 0 55 1 1 10 3 1 1 33 3 1 11 38 3
76 99 0 38 1 1 9 2 1 1 33 1 1 2 39 2
77 99 0 44 1 1 8 1 1 1 33 1 1 2 37 1
78 99 0 48 1 1 10 4 1 1 34 4 1 12 40 4
79 99 0 66 1 1 6 1 1 1 32 1 1 100 36 1
80 99 0 54 1 1 11 1 1 1 34 1 1 100 38 1
81 99 0 70 1 1 10 1 1 1 33 1 1 100 37 1
82 99 0 49 1 1 6 1 1 1 32 1 1 2 36 1
83 99 0 38 1 1 10 2 1 1 34 1 1 2 38 2
84 99 0 48 1 1 5 1 1 1 32 1 1 100 33 1
85 99 0 41 1 1 10 1 1 1 33 1 1 100 32 1
86 99 0 46 1 1 7 1 1 1 32 1 1 100 35 1
87 99 0 53 1 1 7 1 1 1 32 1 1 2 35 1
88 99 0 44 1 1 8 1 1 1 34 2 2 100 40 1
89 99 0 53 1 1 7 1 1 1 32 2 1 100 37 1
90 99 0 43 1 1 8 4 1 1 33 1 1 2 38 4
91 99 0 38 1 1 10 1 1 1 33 1 1 100 42 1
92 99 0 53 1 1 9 1 1 1 33 1 1 2 38 1
93 99 0 49 1 1 10 1 1 1 33 1 1 2 40 1
94 99 0 77 1 1 9 1 1 1 33 3 1 100 39 1
95 99 0 38 1 1 6 1 1 1 32 2 1 100 39 1
96 99 0 60 1 1 8 1 1 1 33 1 1 100 38 1
97 99 0 73 1 1 10 1 1 1 33 1 1 100 40 1
98 99 0 37 1 1 8 1 1 1 32 1 1 100 35 1
99 99 0 74 1 1 8 1 1 1 32 1 1 100 37 1
100 99 0 38 1 1 9 3 1 1 32 2 1 5 39 3
