1 99 13 10 10 10 15 11 1 1 34 10 10 26 23 10
2 99 13 10 10 10 16 12 1 1 36 12 1 27 26 10
3 99 0 11 10 10 20 12 1 1 36 1 1 2 27 10
4 99 14 12 10 10 17 13 1 1 35 11 11 29 25 10
5 99 18 10 10 10 19 15 1 1 36 1 1 32 24 10
6 99 11 13 10 10 19 11 1 1 36 1 1 2 26 10
7 99 14 11 10 10 14 10 1 1 34 10 10 24 18 10
8 99 10 10 10 10 13 10 1 1 34 10 10 23 24 10
9 99 13 10 10 10 17 12 1 1 36 10 10 29 27 10
10 99 12 10 10 10 17 11 1 1 35 10 10 28 22 10
11 99 0 10 10 10 20 13 1 1 37 1 1 4 32 10
12 99 14 10 10 10 21 13 1 1 36 1 1 2 26 10
13 99 12 10 10 10 14 11 1 1 34 11 10 25 20 10
14 99 13 10 10 10 13 12 1 1 34 12 1 26 22 10
15 99 15 11 10 10 18 13 1 1 36 11 1 32 26 10
16 99 12 11 10 10 17 11 1 1 35 11 1 26 27 10
17 99 11 10 10 10 16 11 1 1 34 10 10 25 22 10
18 99 12 10 10 10 20 12 1 1 36 1 1 30 27 10
19 99 13 11 10 10 17 12 1 1 35 11 1 28 24 10
20 99 10 11 10 10 16 10 1 1 35 10 1 23 26 10
21 99 11 10 10 10 19 11 1 1 36 11 1 31 24 10
22 99 0 11 10 10 12 10 1 1 33 1 1 2 18 10
23 99 10 10 10 10 15 10 1 1 34 10 10 25 22 10
24 99 11 10 10 10 15 10 1 1 34 10 10 24 24 10
25 99 16 11 10 10 17 13 1 1 35 13 1 28 23 10
26 99 12 11 10 10 14 10 1 1 34 10 1 24 23 10
27 99 14 11 10 10 20 14 1 1 37 1 1 2 29 10
28 99 14 10 10 10 19 14 1 1 36 14 1 30 25 10
29 99 13 11 10 10 16 12 1 1 35 11 11 29 26 10
30 99 0 10 10 10 16 13 1 1 35 1 1 2 24 10
31 99 11 13 10 10 17 11 1 1 35 10 10 26 24 10
32 99 10 11 10 10 14 10 1 1 34 10 10 24 21 10
33 99 12 10 10 10 17 12 1 1 35 12 2 26 26 10
34 99 15 13 10 10 17 13 1 1 35 1 1 2 24 10
35 99 15 10 10 10 18 14 1 1 35 12 1 30 23 10
36 99 13 10 10 10 17 11 1 1 35 11 1 28 22 10
37 99 12 16 10 10 14 11 1 1 35 10 1 23 24 10
38 99 12 10 10 10 17 12 1 1 35 12 10 29 25 10
39 99 11 10 10 10 12 11 1 1 34 10 10 23 19 10
40 99 11 11 10 10 13 10 1 1 33 10 10 23 20 10
41 99 13 10 10 10 16 13 1 1 36 13 13 29 30 10
42 99 10 11 10 10 14 10 1 1 34 10 10 23 21 10
43 99 10 10 10 10 13 10 1 1 33 10 10 22 19 10
44 99 12 10 10 10 17 12 1 1 35 1 1 2 23 10
45 99 13 11 10 10 17 12 1 1 35 11 1 28 22 10
46 99 13 11 10 10 15 12 1 1 35 11 1 25 22 10
47 99 0 10 10 10 17 13 1 1 35 1 1 2 26 10
48 99 11 10 10 10 16 11 1 1 35 11 11 26 24 10
49 99 12 10 10 10 15 11 1 1 34 11 1 25 19 10
50 99 12 10 10 10 16 11 1 1 35 10 1 26 25 10
51 99 15 10 10 10 18 13 1 1 35 1 1 29 24 10
52 99 13 10 10 10 14 11 1 1 34 11 10 26 22 10
53 99 11 70 10 10 14 11 1 1 34 10 10 24 22 10
54 99 11 10 10 10 12 11 1 1 33 11 11 23 17 10
55 99 13 10 10 10 17 11 1 1 35 11 11 28 23 10
56 99 11 11 10 10 13 10 1 1 34 10 10 23 21 10
57 99 11 10 10 10 14 10 1 1 34 10 10 25 20 10
58 99 16 10 10 10 20 14 1 1 36 14 11 36 25 10
59 99 11 61 10 10 16 11 1 1 35 10 10 25 24 10
60 99 12 12 10 10 13 11 1 1 33 1 1 2 20 10
61 99 10 10 10 10 16 10 1 1 35 10 10 25 23 10
62 99 10 10 10 10 14 10 1 1 34 10 10 24 22 10
63 99 10 12 10 10 14 10 1 1 35 10 10 22 25 10
64 99 0 12 10 10 18 13 1 1 36 2 1 4 26 10
65 99 11 10 10 10 16 11 1 1 35 10 10 27 25 10
66 99 17 11 10 10 18 14 1 1 35 12 1 31 27 10
67 99 11 10 10 10 15 10 1 1 34 10 10 25 22 10
68 99 11 14 10 10 18 11 1 1 35 10 1 24 25 10
69 99 11 12 10 10 17 11 1 1 36 11 11 29 27 10
70 99 11 60 10 10 18 11 1 1 35 10 2 26 24 10
71 99 10 11 10 10 14 10 1 1 34 10 10 22 20 10
72 99 11 11 10 10 17 11 1 1 35 11 10 27 23 10
73 99 11 10 10 10 17 11 1 1 35 11 1 27 25 10
74 99 13 10 10 10 18 11 1 1 35 11 10 28 24 10
75 99 13 10 10 10 15 11 1 1 34 10 1 24 22 10
76 99 12 11 10 10 17 12 1 1 34 12 1 27 24 10
77 99 11 10 10 10 17 11 1 1 34 11 11 26 21 10
78 99 17 11 10 10 18 13 1 1 36 1 1 29 27 10
79 99 10 10 10 10 14 10 1 1 34 10 1 23 21 10
80 99 12 10 10 10 18 11 1 1 36 10 10 29 25 10
81 99 10 10 10 10 18 10 1 1 35 10 10 25 25 10
82 99 11 10 10 10 13 11 1 1 34 10 10 24 20 10
83 99 16 10 10 10 16 13 1 1 36 1 1 29 23 10
84 99 11 10 10 10 13 10 1 1 34 10 10 23 20 10
85 99 13 10 10 10 14 11 1 1 34 10 10 25 20 10
86 99 10 10 10 10 15 10 1 1 34 10 10 23 20 10
87 99 12 10 10 10 13 10 1 1 34 10 1 21 22 10
88 99 12 10 10 10 17 10 1 1 36 10 10 26 26 10
89 99 10 10 10 10 13 10 1 1 34 10 10 23 21 10
90 99 0 12 10 10 16 13 1 1 35 1 1 2 24 10
91 99 10 14 10 10 17 10 1 1 36 10 1 25 28 10
92 99 12 10 10 10 16 11 1 1 34 1 1 2 23 10
93 99 10 10 10 10 16 10 1 1 35 10 1 22 24 10
94 99 10 10 10 10 17 10 1 1 35 10 1 26 25 10
95 99 11 10 10 10 13 10 1 1 34 10 1 23 23 10
96 99 12 34 10 10 14 11 1 1 35 10 10 24 24 10
97 99 10 10 10 10 14 10 1 1 35 10 10 23 24 10
98 99 11 10 10 10 14 11 1 1 34 10 1 23 20 10
99 99 11 10 10 10 14 11 1 1 34 10 10 23 21 10
100 99 16 11 10 10 16 13 1 1 34 12 1 30 24 10
