1 99 23 20 20 20 23 21 1 1 38 21 21 58 25 10
2 99 25 20 20 20 25 23 1 1 39 23 1 59 26 10
3 99 0 20 20 20 26 22 1 1 39 1 1 2 27 10
4 99 23 20 20 20 25 22 1 1 38 22 1 56 26 10
5 99 99 20 20 20 27 23 1 1 39 1 1 2 26 10
6 99 23 20 20 20 27 21 1 1 39 1 1 2 27 10
7 99 23 20 20 20 22 20 1 1 37 20 1 55 23 10
8 99 22 20 20 20 25 21 1 1 38 21 21 62 27 10
9 99 27 20 20 20 27 22 1 1 39 22 22 65 28 10
10 99 0 20 20 20 28 23 1 1 40 1 1 57 29 10
11 99 22 20 20 20 28 21 1 1 39 1 1 2 29 10
12 99 99 20 20 20 26 22 1 1 39 1 1 2 26 10
13 99 24 20 20 20 24 21 1 1 38 21 21 57 24 10
14 99 25 20 20 20 25 23 1 1 39 23 23 72 25 10
15 99 24 20 20 20 26 21 1 1 38 21 21 62 26 10
16 99 23 20 20 20 23 21 1 1 37 1 1 50 23 10
17 99 25 20 20 20 27 22 1 1 39 22 22 69 27 10
18 99 27 20 20 20 27 21 1 1 38 21 1 53 27 10
19 99 21 20 20 20 26 20 1 1 38 20 20 59 27 10
20 99 28 20 20 20 28 22 1 1 40 21 21 67 28 10
21 99 0 20 20 20 24 21 1 1 37 1 1 2 24 10
22 99 23 20 20 20 24 20 1 1 38 20 20 60 25 10
23 99 25 20 20 20 25 21 1 1 38 21 21 62 25 10
24 99 25 20 20 20 27 22 1 1 39 1 1 2 26 10
25 99 27 20 20 20 25 20 1 1 37 20 1 54 25 10
26 99 25 20 20 20 26 23 1 1 39 1 1 2 28 10
27 99 29 20 20 20 29 24 1 1 40 1 1 59 29 10
28 99 25 20 20 20 26 22 1 1 39 22 21 66 27 10
29 99 0 20 20 20 25 22 1 1 38 1 1 2 25 10
30 99 24 20 20 20 25 20 1 1 38 20 1 53 26 10
31 99 24 20 20 20 24 21 1 1 38 20 1 57 24 10
32 99 25 20 20 20 25 22 1 1 38 22 1 54 25 10
33 99 23 20 20 20 24 21 1 1 38 1 1 2 25 10
34 99 23 20 20 20 26 22 1 1 38 1 1 2 25 10
35 99 27 20 20 20 26 22 1 1 39 23 1 64 27 10
36 99 24 20 20 20 24 22 1 1 38 23 21 60 25 10
37 99 24 20 20 20 23 21 1 1 37 21 21 53 23 10
38 99 21 20 20 20 22 20 1 1 38 20 1 54 24 10
39 99 23 20 20 20 23 20 1 1 37 20 20 55 23 10
40 99 23 20 20 20 24 22 1 1 38 22 22 61 27 10
41 99 20 20 20 20 22 20 1 1 37 20 20 53 23 10
42 99 25 20 20 20 25 21 1 1 38 1 1 2 24 10
43 99 21 20 20 20 28 20 1 1 39 1 1 2 27 10
44 99 24 20 20 20 26 22 1 1 38 1 1 2 26 10
45 99 0 20 20 20 26 23 1 1 39 1 1 2 26 10
46 99 21 20 20 20 25 21 1 1 38 21 1 59 27 10
47 99 26 20 20 20 25 21 1 1 38 21 21 56 26 10
48 99 25 20 20 20 25 21 1 1 38 21 1 56 25 10
49 99 28 20 20 20 28 24 1 1 39 1 1 69 28 10
50 99 25 20 20 20 25 21 1 1 38 21 21 62 25 10
51 99 24 20 20 20 24 21 1 1 38 21 1 57 25 10
52 99 21 20 20 20 22 21 1 1 37 21 21 53 22 10
53 99 27 20 20 20 26 22 1 1 38 21 21 61 26 10
54 99 22 20 20 20 22 20 1 1 37 20 20 52 23 10
55 99 25 20 20 20 25 20 1 1 38 20 20 56 25 10
56 99 25 20 20 20 29 24 1 1 39 1 1 71 29 10
57 99 24 20 20 20 23 20 1 1 37 20 1 50 23 10
58 99 22 20 20 20 24 22 1 1 37 1 1 2 23 10
59 99 25 20 20 20 25 20 1 1 38 20 20 58 25 10
60 99 24 20 20 20 25 20 1 1 38 20 20 60 26 10
61 99 0 20 20 20 25 21 1 1 39 1 1 2 27 10
62 99 99 20 20 20 23 21 1 1 38 1 1 2 24 10
63 99 23 20 20 20 24 21 1 1 38 21 20 57 25 10
64 99 24 20 20 20 26 23 1 1 39 1 1 2 26 10
65 99 26 20 20 20 27 21 1 1 39 21 20 100 29 10
66 99 24 20 20 20 27 22 1 1 39 21 1 57 28 10
67 99 21 20 20 20 25 20 1 1 38 20 1 58 26 10
68 99 21 20 20 20 26 20 1 1 38 20 1 54 26 10
69 99 24 20 20 20 24 20 1 1 38 20 20 65 24 10
70 99 25 20 20 20 25 21 1 1 39 21 20 62 26 10
71 99 25 20 20 20 26 23 1 1 39 21 21 67 28 10
72 99 30 20 20 20 29 22 1 1 40 1 1 100 30 10
73 99 24 20 20 20 24 22 1 1 38 22 1 2 24 10
74 99 25 20 20 20 24 22 1 1 37 22 22 54 24 10
75 99 29 20 20 20 29 23 1 1 40 23 1 69 28 10
76 99 25 20 20 20 25 20 1 1 38 20 20 56 25 10
77 99 26 20 20 20 26 21 1 1 39 20 1 64 28 10
78 99 21 20 20 20 24 21 1 1 38 21 20 55 23 10
79 99 22 20 20 20 23 21 1 1 38 21 20 55 23 10
80 99 25 20 20 20 27 23 1 1 39 1 1 58 27 10
81 99 22 20 20 20 22 20 1 1 37 20 20 53 22 10
82 99 24 20 20 20 24 21 1 1 38 22 21 57 23 10
83 99 21 20 20 20 22 20 1 1 37 20 20 53 22 10
84 99 23 20 20 20 22 21 1 1 37 21 1 52 22 10
85 99 24 20 20 20 24 20 1 1 38 20 20 53 24 10
86 99 22 20 20 20 22 20 1 1 37 20 20 54 22 10
87 99 0 20 20 20 26 23 1 1 39 1 1 2 26 10
88 99 23 20 20 20 26 21 1 1 38 21 21 54 25 10
89 99 24 20 20 20 25 22 1 1 38 1 1 2 25 10
90 99 21 20 20 20 23 20 1 1 38 20 2 56 24 10
91 99 21 20 20 20 24 20 1 1 38 20 1 55 26 10
92 99 22 20 20 20 24 20 1 1 38 20 20 66 26 10
93 99 23 20 20 20 27 21 1 1 39 21 21 64 27 10
94 99 21 20 20 20 22 20 1 1 37 20 20 54 23 10
95 99 23 20 20 20 24 20 1 1 38 20 20 56 25 10
96 99 24 20 20 20 24 23 1 1 38 23 2 55 24 10
97 99 24 20 20 20 26 23 1 1 39 1 1 2 27 10
98 99 26 20 20 20 26 21 1 1 39 21 21 58 26 10
99 99 24 20 20 20 24 21 1 1 38 22 21 60 24 10
100 99 25 20 20 20 24 21 1 1 38 21 21 59 25 10
