1 99 0 32 1 1 13 1 1 1 34 1 1 100 38 1
2 99 0 75 1 1 16 3 1 1 35 1 1 2 38 3
3 99 0 43 1 1 17 2 1 1 36 1 1 2 40 2
4 99 0 73 1 1 15 2 1 1 35 1 1 2 38 2
5 99 0 73 1 1 19 6 1 1 36 1 1 2 35 6
6 99 0 51 1 1 16 1 1 1 35 1 1 2 38 1
7 99 14 52 1 1 14 1 1 1 33 14 1 100 32 1
8 99 0 73 1 1 11 1 1 1 33 1 1 100 38 1
9 99 0 64 1 1 15 1 1 1 35 1 1 100 40 1
10 99 0 51 1 1 16 1 1 1 34 1 1 100 35 1
11 99 0 76 1 1 16 4 1 1 36 3 1 6 43 4
12 99 0 71 1 1 20 2 1 1 36 1 1 2 37 2
13 99 0 31 1 1 12 1 1 1 34 1 1 100 34 1
14 99 0 58 1 1 13 3 1 1 33 3 1 6 34 3
15 99 0 74 1 1 16 3 1 1 36 1 1 2 37 3
16 99 0 33 1 1 15 2 1 1 35 1 1 100 38 2
17 99 0 37 1 1 13 1 1 1 34 1 1 100 34 1
18 99 0 70 1 1 18 1 1 1 36 1 1 2 37 1
19 99 0 54 1 1 15 1 1 1 34 1 1 2 33 1
20 99 3 51 1 1 15 1 1 1 35 1 1 100 38 1
21 99 0 31 1 1 18 2 1 1 35 1 1 3 35 2
22 99 0 57 1 1 12 3 1 1 33 1 1 2 31 3
23 99 0 65 1 1 13 1 1 1 34 2 2 100 36 1
24 99 0 76 1 1 13 1 1 1 34 2 1 100 35 1
25 99 0 59 1 1 15 6 1 1 35 1 1 4 36 6
26 99 0 36 1 1 13 1 1 1 34 1 1 2 35 1
27 99 0 33 1 1 15 3 1 1 36 1 1 2 41 3
28 99 0 33 1 1 18 6 1 1 35 1 1 3 39 6
29 99 0 65 1 1 15 1 1 1 35 1 1 2 36 1
30 99 0 32 1 1 15 3 1 1 34 1 1 2 37 3
31 99 0 32 1 1 16 1 1 1 34 1 1 100 37 1
32 99 0 63 1 1 14 1 1 1 34 1 1 100 35 1
33 99 0 49 1 1 16 3 1 1 35 1 1 2 37 3
34 99 0 41 1 1 15 2 1 1 35 1 1 2 36 2
35 99 0 47 1 1 17 4 1 1 35 1 1 3 34 4
36 99 0 66 1 1 15 2 1 1 35 1 1 100 35 2
37 99 0 43 1 1 13 2 1 1 34 1 1 2 37 2
38 99 0 33 1 1 14 2 1 1 34 2 1 4 35 2
39 99 0 77 1 1 12 1 1 1 33 3 1 100 35 1
40 99 13 34 1 1 13 1 1 1 33 13 1 100 33 1
41 99 0 36 1 1 15 3 1 1 35 3 1 7 40 3
42 99 12 45 1 1 12 1 1 1 34 2 1 100 34 1
43 99 15 52 1 1 12 1 1 1 33 8 1 100 31 1
44 99 0 38 1 1 16 2 1 1 35 1 1 3 35 2
45 99 0 71 1 1 13 4 1 1 34 1 1 2 34 4
46 99 0 33 1 1 13 2 1 1 34 1 1 100 34 2
47 99 0 35 1 1 16 3 1 1 35 1 1 2 38 3
48 99 0 58 1 1 14 1 1 1 34 1 1 2 35 1
49 99 0 35 1 1 15 2 1 1 34 2 1 100 35 2
50 99 0 56 1 1 14 2 1 1 34 2 1 100 38 2
51 99 0 58 1 1 17 3 1 1 35 2 1 100 35 3
52 99 0 71 1 1 13 1 1 1 33 1 1 2 35 1
53 99 0 61 1 1 13 1 1 1 34 1 1 100 35 1
54 99 0 47 1 1 11 2 1 1 33 1 1 2 30 2
55 99 0 45 1 1 16 1 1 1 35 1 1 2 34 1
56 99 13 49 1 1 12 1 1 1 34 10 1 100 34 1
57 99 0 73 1 1 14 1 1 1 33 14 3 100 33 1
58 99 0 29 1 1 19 4 1 1 36 4 1 100 34 4
59 99 0 44 1 1 13 1 1 1 34 1 1 100 38 1
60 99 0 75 1 1 12 1 1 1 32 1 1 2 33 1
61 99 0 64 1 1 13 1 1 1 34 8 1 100 34 1
62 99 0 48 1 1 13 1 1 1 34 1 1 100 34 1
63 99 3 70 1 1 13 1 1 1 34 1 1 100 37 1
64 99 0 47 1 1 16 2 1 1 35 2 1 4 39 2
65 99 0 51 1 1 15 1 1 1 35 1 1 100 35 1
66 99 0 30 1 1 17 2 1 1 35 2 1 3 40 2
67 99 0 31 1 1 14 1 1 1 34 1 1 100 36 1
68 99 0 65 1 1 16 1 1 1 35 1 1 100 37 1
69 99 0 72 1 1 14 1 1 1 35 1 1 2 38 1
70 99 0 33 1 1 16 2 1 1 35 3 2 100 34 2
71 99 13 77 1 1 12 1 1 1 34 2 1 100 33 1
72 99 0 71 1 1 15 1 1 1 34 1 1 100 36 1
73 99 0 32 1 1 15 1 1 1 34 2 1 100 39 1
74 99 0 61 1 1 17 1 1 1 35 1 1 2 35 1
75 99 0 35 1 1 14 3 1 1 34 2 1 6 34 3
76 99 0 62 1 1 15 2 1 1 34 1 1 2 37 2
77 99 0 44 1 1 15 1 1 1 34 1 1 2 35 1
78 99 0 74 1 1 16 4 1 1 36 4 1 7 39 4
79 99 0 48 1 1 11 1 1 1 33 1 1 100 33 1
80 99 0 31 1 1 17 1 1 1 35 1 1 100 36 1
81 99 0 70 1 1 16 1 1 1 35 99 1 100 35 1
82 99 0 44 1 1 12 1 1 1 33 1 1 100 33 1
83 99 0 35 1 1 16 2 1 1 35 1 1 2 36 2
84 99 0 68 1 1 12 1 1 1 34 6 1 100 32 1
85 99 0 41 1 1 13 1 1 1 34 1 1 100 30 1
86 99 0 46 1 1 13 1 1 1 34 1 1 100 34 1
87 99 0 32 1 1 12 1 1 1 33 1 1 2 32 1
88 99 0 53 1 1 15 1 1 1 35 2 1 100 38 1
89 99 14 53 1 1 13 1 1 1 33 1 1 100 34 1
90 99 0 35 1 1 14 3 1 1 35 1 1 2 35 3
91 99 0 65 1 1 14 1 1 1 35 3 1 100 41 1
92 99 0 39 1 1 15 1 1 1 34 1 1 2 35 1
93 99 9 49 1 1 14 2 1 1 35 1 1 3 38 2
94 99 0 77 1 1 15 1 1 1 35 1 1 100 37 1
95 99 0 35 1 1 11 1 1 1 33 1 1 100 37 1
96 99 0 34 1 1 13 1 1 1 34 2 1 100 35 1
97 99 13 73 1 1 13 1 1 1 34 1 1 100 37 1
98 99 14 32 1 1 13 1 1 1 34 1 1 100 35 1
99 99 0 74 1 1 13 1 1 1 33 1 1 100 35 1
100 99 0 38 1 1 15 3 1 1 34 2 1 4 38 3
