1 99 5 21 5 5 10 7 1 1 32 5 5 11 19 7
2 99 6 5 5 5 13 7 1 1 34 6 5 13 25 7
3 99 0 6 5 5 18 7 1 1 35 1 1 2 26 7
4 99 5 5 5 5 13 7 1 1 33 5 5 12 21 7
5 99 7 25 5 5 13 10 1 1 34 6 1 17 22 10
6 99 6 56 5 5 10 6 1 1 33 6 1 12 20 6
7 99 5 43 5 5 10 5 1 1 32 5 5 11 16 5
8 99 5 6 5 5 10 5 1 1 32 5 5 10 21 5
9 99 5 5 5 5 12 7 1 1 34 5 5 12 24 7
10 99 6 6 5 5 11 6 1 1 32 5 5 11 17 6
11 99 7 5 5 5 15 8 1 1 35 7 6 16 28 8
12 99 7 5 5 5 14 9 1 1 34 7 7 16 22 9
13 99 5 5 5 5 10 6 1 1 33 5 5 11 17 6
14 99 6 5 5 5 11 7 1 1 33 5 5 13 17 7
15 99 7 5 5 5 14 10 1 1 34 7 5 16 22 10
16 99 6 8 5 5 11 6 1 1 33 5 5 11 18 6
17 99 5 5 5 5 10 7 1 1 32 5 5 12 17 7
18 99 5 6 5 5 14 7 1 1 33 5 5 12 21 7
19 99 6 7 5 5 13 7 1 1 34 6 5 13 20 7
20 99 5 5 5 5 10 6 1 1 33 5 5 11 20 6
21 99 6 5 5 5 13 6 1 1 34 5 5 13 22 6
22 99 0 7 5 5 11 6 1 1 32 6 1 2 16 6
23 99 5 5 5 5 10 5 1 1 32 5 5 10 16 5
24 99 5 5 5 5 11 5 1 1 33 5 5 10 21 5
25 99 5 6 5 5 12 5 1 1 32 5 5 10 18 5
26 99 7 5 5 5 12 7 1 1 33 1 1 2 21 7
27 99 6 66 5 5 12 8 1 1 33 6 6 13 20 8
28 99 5 5 5 5 16 6 1 1 35 5 5 11 26 6
29 99 7 65 5 5 13 9 1 1 33 6 5 16 21 9
30 99 6 5 5 5 12 7 1 1 33 5 5 12 20 7
31 99 0 8 5 5 12 8 1 1 33 1 1 2 20 8
32 99 5 5 5 5 11 5 1 1 33 5 5 10 20 5
33 99 5 5 5 5 10 5 1 1 33 5 5 11 19 5
34 99 6 5 5 5 11 8 1 1 33 6 5 13 21 8
35 99 6 5 5 5 11 7 1 1 33 6 1 2 20 7
36 99 6 11 5 5 11 7 1 1 33 5 5 12 17 7
37 99 6 5 5 5 14 7 1 1 34 5 5 12 23 7
38 99 6 5 5 5 9 6 1 1 32 5 5 11 19 6
39 99 5 6 5 5 10 6 1 1 32 5 5 11 17 6
40 99 5 9 5 5 11 5 1 1 32 5 5 10 18 5
41 99 5 5 5 5 9 5 1 1 32 5 5 10 15 5
42 99 8 58 5 5 15 8 1 1 34 8 5 14 24 8
43 99 5 12 5 5 8 5 1 1 32 5 5 10 17 5
44 99 5 5 5 5 8 5 1 1 31 5 5 10 12 5
45 99 6 6 5 5 15 6 1 1 34 1 1 2 20 6
46 99 6 5 5 5 12 7 1 1 33 5 5 13 20 7
47 99 6 5 5 5 12 7 1 1 33 5 1 11 18 7
48 99 0 5 5 5 14 9 1 1 34 1 1 2 23 9
49 99 6 5 5 5 12 6 1 1 34 5 5 11 20 6
50 99 5 5 5 5 11 5 1 1 32 5 1 10 17 5
51 99 7 5 5 5 11 7 1 1 33 5 1 12 19 7
52 99 5 5 5 5 12 8 1 1 33 5 5 13 19 8
53 99 5 5 5 5 11 6 1 1 33 5 5 12 20 6
54 99 5 5 5 5 10 5 1 1 32 5 5 10 17 5
55 99 6 69 5 5 7 6 1 1 31 6 5 11 12 6
56 99 6 5 5 5 12 6 1 1 33 6 5 12 18 6
57 99 5 6 5 5 7 5 1 1 32 5 5 10 15 5
58 99 5 5 5 5 10 5 1 1 31 5 5 11 15 5
59 99 5 5 5 5 14 8 1 1 33 5 5 13 18 8
60 99 5 5 5 5 11 6 1 1 32 5 1 10 18 6
61 99 6 7 5 5 8 6 1 1 32 6 6 12 16 6
62 99 5 5 5 5 9 5 1 1 32 5 5 11 14 5
63 99 5 5 5 5 12 6 1 1 33 5 5 11 19 6
64 99 5 6 5 5 11 5 1 1 33 5 5 10 21 5
65 99 7 5 5 5 13 8 1 1 34 7 1 14 21 8
66 99 5 8 5 5 12 5 1 1 33 5 5 10 18 5
67 99 7 63 5 5 12 8 1 1 34 7 5 15 21 8
68 99 7 6 5 5 11 7 1 1 33 5 5 12 18 7
69 99 5 5 5 5 15 7 1 1 34 5 5 12 24 7
70 99 6 7 5 5 16 6 1 1 34 5 5 11 23 6
71 99 5 6 5 5 14 6 1 1 34 5 5 11 22 6
72 99 5 6 5 5 10 5 1 1 32 5 5 10 18 5
73 99 5 10 5 5 11 5 1 1 33 5 5 10 19 5
74 99 5 6 5 5 12 6 1 1 33 5 5 11 21 6
75 99 6 5 5 5 14 7 1 1 34 5 5 13 21 7
76 99 5 5 5 5 14 7 1 1 34 5 5 11 23 7
77 99 7 5 5 5 9 7 1 1 32 6 5 13 15 7
78 99 5 10 5 5 9 7 1 1 31 5 5 12 17 7
79 99 6 6 5 5 15 8 1 1 34 5 5 15 22 8
80 99 5 7 5 5 13 7 1 1 33 5 5 12 20 7
81 99 5 7 5 5 12 5 1 1 33 5 1 10 19 5
82 99 5 6 5 5 13 7 1 1 33 5 5 11 19 7
83 99 5 8 5 5 12 5 1 1 33 5 5 11 19 5
84 99 6 6 5 5 12 7 1 1 33 6 5 14 20 7
85 99 5 5 5 5 12 6 1 1 33 5 5 11 17 6
86 99 5 6 5 5 8 5 1 1 31 5 5 10 15 5
87 99 5 6 5 5 13 5 1 1 33 5 5 11 17 5
88 99 6 5 5 5 9 6 1 1 32 5 5 12 16 6
89 99 5 6 5 5 8 5 1 1 32 5 5 10 16 5
90 99 5 5 5 5 11 5 1 1 33 5 5 11 19 5
91 99 5 5 5 5 10 5 1 1 32 5 5 11 18 5
92 99 8 5 5 5 13 8 1 1 33 7 1 13 20 8
93 99 6 5 5 5 13 6 1 1 33 5 5 11 20 6
94 99 6 6 5 5 13 6 1 1 33 6 6 12 21 6
95 99 5 5 5 5 11 5 1 1 33 5 5 10 21 5
96 99 5 5 5 5 11 5 1 1 33 5 5 10 19 5
97 99 5 5 5 5 11 5 1 1 32 5 5 10 20 5
98 99 5 8 5 5 11 6 1 1 33 5 5 11 19 6
99 99 5 6 5 5 10 5 1 1 33 5 5 10 21 5
100 99 5 5 5 5 9 5 1 1 32 5 5 10 17 5
