1 99 5 21 5 5 10 7 1 1 33 5 5 12 23 7
2 99 7 59 5 5 13 7 1 1 34 6 5 14 28 7
3 99 0 20 5 5 17 7 1 1 35 1 1 2 28 7
4 99 5 13 5 5 13 7 1 1 33 5 5 12 24 7
5 99 9 25 5 5 13 10 1 1 34 1 1 17 26 10
6 99 6 56 5 5 10 6 1 1 33 6 1 12 24 6
7 99 5 43 5 5 10 5 1 1 32 5 5 11 20 5
8 99 5 10 5 5 10 5 1 1 32 5 5 10 25 5
9 99 5 39 5 5 12 7 1 1 34 5 5 13 27 7
10 99 6 70 5 5 10 6 1 1 32 5 5 12 20 6
11 99 7 21 5 5 15 8 1 1 35 7 1 17 31 8
12 99 7 13 5 5 14 9 1 1 34 7 7 17 27 9
13 99 5 71 5 5 10 6 1 1 33 5 5 12 19 6
14 99 6 48 5 5 11 7 1 1 33 6 5 14 20 7
15 99 7 22 5 5 14 10 1 1 34 7 5 18 25 10
16 99 6 8 5 5 11 6 1 1 33 5 5 11 21 6
17 99 7 12 5 5 10 7 1 1 32 5 5 12 22 7
18 99 5 23 5 5 14 7 1 1 34 5 1 13 23 7
19 99 6 60 5 5 13 7 1 1 34 6 6 14 25 7
20 99 5 15 5 5 10 6 1 1 33 5 5 11 24 6
21 99 6 14 5 5 12 6 1 1 34 6 5 13 25 6
22 99 0 9 5 5 11 6 1 1 32 6 1 2 19 6
23 99 5 9 5 5 10 5 1 1 32 5 5 11 20 5
24 99 5 65 5 5 10 5 1 1 33 5 5 11 24 5
25 99 5 7 5 5 12 5 1 1 32 5 5 10 22 5
26 99 7 71 5 5 12 7 1 1 34 1 1 2 24 7
27 99 8 66 5 5 12 8 1 1 34 6 2 14 24 8
28 99 5 10 5 5 16 6 1 1 35 5 5 12 30 6
29 99 7 65 5 5 13 9 1 1 34 6 6 17 24 9
30 99 6 62 5 5 12 7 1 1 33 5 1 13 22 7
31 99 0 8 5 5 12 8 1 1 33 1 1 2 24 8
32 99 5 14 5 5 11 5 1 1 33 5 1 10 23 5
33 99 5 24 5 5 10 5 1 1 33 5 5 11 23 5
34 99 6 14 5 5 11 8 1 1 33 6 6 14 23 8
35 99 6 10 5 5 11 7 1 1 33 6 1 2 24 7
36 99 7 11 5 5 11 7 1 1 33 5 5 13 18 7
37 99 6 13 5 5 14 7 1 1 34 5 5 13 27 7
38 99 6 9 5 5 9 6 1 1 33 5 5 12 23 6
39 99 5 7 5 5 10 6 1 1 32 5 5 11 20 6
40 99 5 14 5 5 11 5 1 1 32 5 5 11 21 5
41 99 5 20 5 5 9 5 1 1 32 5 5 10 18 5
42 99 8 26 5 5 15 8 1 1 34 8 5 15 27 8
43 99 5 12 5 5 8 5 1 1 33 5 5 10 22 5
44 99 5 20 5 5 8 5 1 1 31 5 5 10 15 5
45 99 6 10 5 5 15 6 1 1 34 1 1 2 23 6
46 99 6 70 5 5 12 7 1 1 33 6 5 13 22 7
47 99 6 12 5 5 12 7 1 1 33 5 1 12 22 7
48 99 0 71 5 5 14 9 1 1 34 1 1 2 28 9
49 99 6 23 5 5 12 6 1 1 34 5 5 11 24 6
50 99 5 31 5 5 11 5 1 1 32 5 1 10 21 5
51 99 7 43 5 5 11 7 1 1 33 5 1 12 23 7
52 99 5 8 5 5 12 8 1 1 33 5 1 14 23 8
53 99 6 17 5 5 11 6 1 1 33 5 5 12 24 6
54 99 5 66 5 5 10 5 1 1 32 5 5 11 21 5
55 99 6 69 5 5 7 6 1 1 31 6 5 11 14 6
56 99 6 31 5 5 12 6 1 1 33 6 5 13 21 6
57 99 5 9 5 5 7 5 1 1 32 5 5 10 19 5
58 99 5 9 5 5 10 5 1 1 32 5 5 11 16 5
59 99 8 49 5 5 14 8 1 1 34 5 5 15 22 8
60 99 5 13 5 5 11 6 1 1 32 5 1 10 22 6
61 99 6 16 5 5 8 6 1 1 32 6 1 12 19 6
62 99 5 52 5 5 9 5 1 1 32 5 5 11 18 5
63 99 9 13 5 5 12 6 1 1 33 5 1 12 22 6
64 99 5 68 5 5 11 5 1 1 33 5 1 10 23 5
65 99 0 69 5 5 13 8 1 1 34 7 1 14 26 8
66 99 5 71 5 5 12 5 1 1 33 5 5 10 21 5
67 99 7 63 5 5 12 8 1 1 34 7 6 16 25 8
68 99 7 19 5 5 11 7 1 1 33 5 5 13 23 7
69 99 5 13 5 5 15 7 1 1 35 5 5 12 28 7
70 99 6 59 5 5 16 6 1 1 35 5 5 11 25 6
71 99 5 65 5 5 14 6 1 1 34 5 5 11 25 6
72 99 5 11 5 5 10 5 1 1 32 5 5 10 19 5
73 99 5 10 5 5 11 5 1 1 33 5 4 10 22 5
74 99 6 36 5 5 12 6 1 1 33 5 5 11 24 6
75 99 6 11 5 5 14 7 1 1 34 5 5 14 26 7
76 99 5 13 5 5 14 7 1 1 34 5 5 13 27 7
77 99 7 52 5 5 9 7 1 1 32 6 6 13 17 7
78 99 9 14 5 5 9 7 1 1 31 5 5 13 18 7
79 99 8 65 5 5 15 8 1 1 34 8 5 16 24 8
80 99 5 50 5 5 13 7 1 1 33 5 5 13 24 7
81 99 5 66 5 5 12 5 1 1 33 5 1 10 22 5
82 99 5 10 5 5 13 7 1 1 33 5 2 12 21 7
83 99 5 8 5 5 12 5 1 1 33 5 5 11 21 5
84 99 6 26 5 5 12 7 1 1 33 6 6 14 25 7
85 99 5 39 5 5 12 6 1 1 33 5 5 12 20 6
86 99 5 67 5 5 8 5 1 1 32 5 5 10 18 5
87 99 5 8 5 5 13 5 1 1 33 5 5 11 19 5
88 99 7 40 5 5 9 6 1 1 32 5 5 12 19 6
89 99 5 70 5 5 8 5 1 1 32 5 1 10 19 5
90 99 5 9 5 5 11 5 1 1 33 5 5 11 21 5
91 99 5 11 5 5 10 5 1 1 32 5 5 11 21 5
92 99 0 14 5 5 13 8 1 1 34 1 1 2 23 8
93 99 6 56 5 5 13 6 1 1 33 5 1 11 23 6
94 99 6 59 5 5 13 6 1 1 34 6 1 12 26 6
95 99 5 65 5 5 11 5 1 1 33 5 5 11 24 5
96 99 5 60 5 5 11 5 1 1 33 5 1 11 25 5
97 99 5 48 5 5 11 5 1 1 32 5 5 10 23 5
98 99 5 40 5 5 11 6 1 1 33 5 5 11 24 6
99 99 5 9 5 5 10 5 1 1 33 5 5 11 25 5
100 99 5 9 5 5 9 5 1 1 32 5 5 11 21 5
