1 99 13 62 10 10 14 11 1 1 34 13 1 32 30 10
2 99 0 36 10 10 16 12 1 1 36 1 1 27 32 10
3 99 0 57 10 10 20 12 1 1 36 1 1 2 34 10
4 99 14 73 10 10 17 13 1 1 35 1 1 36 31 10
5 99 0 73 10 10 19 15 1 1 36 1 1 2 30 10
6 99 0 72 10 10 18 11 1 1 36 1 1 2 32 10
7 99 14 52 10 10 14 10 1 1 34 10 1 29 25 10
8 99 12 18 10 10 13 10 1 1 34 10 1 29 32 10
9 99 15 64 10 10 17 12 1 1 36 13 1 100 33 10
10 99 14 51 10 10 17 11 1 1 35 12 1 41 29 10
11 99 0 25 10 10 18 12 1 1 37 3 1 5 37 10
12 99 0 22 10 10 20 13 1 1 37 1 1 2 31 10
13 99 12 25 10 10 14 11 1 1 34 12 1 32 28 10
14 99 13 58 10 10 13 12 1 1 34 12 1 25 28 10
15 99 0 21 10 10 18 13 1 1 36 1 1 2 31 10
16 99 13 75 10 10 16 11 1 1 35 12 1 35 32 10
17 99 11 37 10 10 15 11 1 1 34 11 1 31 27 10
18 99 19 21 10 10 20 11 1 1 36 1 1 2 33 10
19 99 0 51 10 10 17 12 1 1 35 1 1 2 28 10
20 99 11 51 10 10 15 10 1 1 35 10 1 28 31 10
21 99 20 20 10 10 19 11 1 1 36 2 1 36 29 10
22 99 0 57 10 10 12 10 1 1 33 1 1 2 23 10
23 99 13 23 10 10 14 10 1 1 34 10 2 33 28 10
24 99 12 54 10 10 15 10 1 1 34 11 2 32 28 10
25 99 0 59 10 10 17 13 1 1 35 1 1 3 29 10
26 99 12 73 10 10 14 10 1 1 34 1 1 29 28 10
27 99 0 25 10 10 19 11 1 1 37 1 1 2 36 10
28 99 0 25 10 10 19 14 1 1 36 1 1 2 32 10
29 99 15 65 10 10 16 12 1 1 36 1 1 38 31 10
30 99 0 26 10 10 16 13 1 1 35 1 1 2 31 10
31 99 12 50 10 10 17 11 1 1 35 11 1 34 29 10
32 99 13 29 10 10 14 10 1 1 34 10 1 29 28 10
33 99 12 49 10 10 17 12 1 1 35 2 1 25 32 10
34 99 0 41 10 10 16 12 1 1 35 1 1 2 30 10
35 99 0 20 10 10 17 14 1 1 35 1 1 2 28 10
36 99 14 66 10 10 16 11 1 1 35 13 1 36 30 10
37 99 12 19 10 10 14 11 1 1 35 1 1 25 31 10
38 99 13 33 10 10 17 12 1 1 35 12 1 40 30 10
39 99 12 24 10 10 12 11 1 1 34 11 2 28 27 10
40 99 11 34 10 10 13 10 1 1 33 10 1 26 26 10
41 99 0 36 10 10 16 13 1 1 36 13 1 29 35 10
42 99 12 60 10 10 14 10 1 1 34 10 1 26 27 10
43 99 10 20 10 10 13 10 1 1 33 10 1 27 23 10
44 99 0 38 10 10 17 12 1 1 35 1 1 2 30 10
45 99 13 61 10 10 17 12 1 1 35 12 1 29 27 10
46 99 13 19 10 10 14 12 1 1 35 12 1 31 29 10
47 99 0 35 10 10 17 13 1 1 36 1 1 2 33 10
48 99 13 20 10 10 16 11 1 1 35 11 1 36 30 10
49 99 15 76 10 10 15 11 1 1 34 12 1 29 27 10
50 99 13 56 10 10 16 11 1 1 35 1 1 32 31 10
51 99 18 58 10 10 18 13 1 1 35 1 1 36 30 10
52 99 13 18 10 10 14 11 1 1 34 13 1 32 27 10
53 99 13 70 10 10 14 10 1 1 34 11 2 30 27 10
54 99 11 40 10 10 12 11 1 1 33 11 2 25 23 10
55 99 13 18 10 10 17 11 1 1 35 1 1 34 29 10
56 99 11 60 10 10 13 10 1 1 34 11 6 27 28 10
57 99 11 20 10 10 14 10 1 1 34 10 2 32 27 10
58 99 0 56 10 10 20 14 1 1 36 14 1 47 31 10
59 99 11 61 10 10 15 11 1 1 35 11 1 32 32 10
60 99 0 75 10 10 13 11 1 1 33 1 1 2 25 10
61 99 13 64 10 10 15 10 1 1 35 10 1 100 29 10
62 99 13 20 10 10 14 10 1 1 34 10 1 29 28 10
63 99 12 70 10 10 14 10 1 1 35 10 1 27 31 10
64 99 0 70 10 10 18 12 1 1 36 2 1 4 32 10
65 99 12 54 10 10 16 10 1 1 35 11 1 100 30 10
66 99 0 27 10 10 18 14 1 1 35 1 1 3 32 10
67 99 13 18 10 10 15 10 1 1 34 10 1 30 28 10
68 99 12 22 10 10 18 11 1 1 35 11 1 29 31 10
69 99 14 23 10 10 17 11 1 1 36 11 1 100 33 10
70 99 13 60 10 10 17 11 1 1 35 11 2 35 29 10
71 99 11 57 10 10 13 10 1 1 34 10 1 26 27 10
72 99 14 26 10 10 17 11 1 1 35 11 1 38 30 10
73 99 12 28 10 10 17 11 1 1 35 11 1 36 30 10
74 99 14 61 10 10 18 11 1 1 36 11 1 37 29 10
75 99 13 24 10 10 15 11 1 1 34 2 1 24 29 10
76 99 0 21 10 10 17 12 1 1 35 1 1 2 30 10
77 99 11 44 10 10 17 11 1 1 35 11 1 29 28 10
78 99 17 26 10 10 17 13 1 1 36 1 1 2 33 10
79 99 10 55 10 10 14 10 1 1 34 10 1 25 27 10
80 99 17 38 10 10 17 11 1 1 36 11 4 44 31 10
81 99 13 20 10 10 17 10 1 1 35 10 4 100 29 10
82 99 12 46 10 10 13 11 1 1 34 11 1 27 28 10
83 99 0 75 10 10 16 13 1 1 36 1 1 2 29 10
84 99 13 28 10 10 13 10 1 1 34 10 7 27 27 10
85 99 13 19 10 10 14 11 1 1 34 11 8 30 24 10
86 99 12 66 10 10 14 10 1 1 34 10 1 27 26 10
87 99 12 26 10 10 13 10 1 1 34 1 1 2 26 10
88 99 13 18 10 10 17 10 1 1 36 10 1 100 32 10
89 99 13 53 10 10 13 10 1 1 34 10 1 26 28 10
90 99 0 56 10 10 16 13 1 1 35 1 1 2 29 10
91 99 13 39 10 10 17 9 1 1 36 10 1 100 33 9
92 99 0 39 10 10 16 11 1 1 35 1 1 2 28 10
93 99 10 65 10 10 16 10 1 1 35 10 1 26 32 10
94 99 12 24 10 10 16 10 1 1 35 1 1 38 32 10
95 99 12 74 10 10 13 10 1 1 34 10 1 28 30 10
96 99 12 34 10 10 14 11 1 1 35 11 1 32 30 10
97 99 10 59 10 10 13 10 1 1 35 10 1 27 29 10
98 99 11 32 10 10 14 11 1 1 34 11 1 26 26 10
99 99 11 74 10 10 14 11 1 1 34 11 8 30 27 10
100 99 0 38 10 10 16 13 1 1 35 2 1 29 30 10
