1 99 21 36 1 1 17 1 1 1 33 20 2 100 36 1
2 99 20 46 1 1 16 1 1 1 33 20 1 100 37 1
3 99 20 77 1 1 15 1 1 1 33 20 1 100 38 1
4 99 20 74 1 1 17 1 1 1 33 18 4 100 37 1
5 99 20 32 1 1 15 1 1 1 33 20 1 100 36 1
6 99 21 65 1 1 14 1 1 1 34 20 1 100 37 1
7 99 20 61 1 1 16 1 1 1 33 20 1 100 37 1
8 99 21 75 1 1 16 1 1 1 33 20 1 100 36 1
9 99 23 43 1 1 15 1 1 1 33 20 1 100 37 1
10 99 21 73 1 1 17 1 1 1 33 20 2 100 37 1
11 99 20 32 1 1 15 1 1 1 34 20 1 100 37 1
12 99 22 75 1 1 16 1 1 1 33 20 1 100 37 1
13 99 20 30 1 1 16 1 1 1 33 20 1 100 36 1
14 99 20 32 1 1 15 1 1 1 33 20 1 100 39 1
15 99 21 34 1 1 17 1 1 1 33 19 1 100 36 1
16 99 20 68 1 1 15 1 1 1 33 20 1 100 38 1
17 99 23 33 1 1 16 1 1 1 33 20 1 100 37 1
18 99 20 53 1 1 16 1 1 1 33 20 1 100 37 1
19 99 21 51 1 1 17 1 1 1 34 20 1 100 39 1
20 99 20 53 1 1 17 1 1 1 33 20 3 100 36 1
21 99 20 31 1 1 14 1 1 1 33 20 1 100 37 1
22 99 20 72 1 1 14 1 1 1 33 20 1 100 38 1
23 99 22 56 1 1 15 1 1 1 33 20 1 100 37 1
24 99 20 76 1 1 16 1 1 1 33 20 1 100 38 1
25 99 20 68 1 1 16 1 1 1 33 20 1 100 37 1
26 99 4 37 1 1 16 1 1 1 33 20 1 100 38 1
27 99 5 33 1 1 14 1 1 1 34 20 1 100 36 1
28 99 20 47 1 1 16 1 1 1 33 20 1 100 36 1
29 99 20 35 1 1 18 1 1 1 33 20 1 100 35 1
30 99 20 65 1 1 16 1 1 1 33 20 1 100 37 1
31 99 20 62 1 1 16 1 1 1 33 20 1 100 37 1
32 99 21 32 1 1 16 1 1 1 33 20 2 100 37 1
33 99 20 33 1 1 15 1 1 1 33 20 5 100 38 1
34 99 20 65 1 1 15 1 1 1 33 20 1 100 38 1
35 99 20 52 1 1 16 1 1 1 33 20 2 100 37 1
36 99 20 34 1 1 15 1 1 1 33 20 1 100 37 1
37 99 21 41 1 1 15 1 1 1 33 20 1 100 37 1
38 99 20 31 1 1 16 1 1 1 34 20 1 100 36 1
39 99 21 58 1 1 17 1 1 1 33 20 2 100 37 1
40 99 20 61 1 1 16 1 1 1 33 20 1 100 38 1
41 99 20 67 1 1 16 1 1 1 33 20 1 100 36 1
42 99 21 30 1 1 17 1 1 1 33 20 1 100 36 1
43 99 20 34 1 1 16 1 1 1 33 20 1 100 36 1
44 99 21 64 1 1 17 1 1 1 33 20 1 100 38 1
45 99 20 38 1 1 16 1 1 1 33 20 1 100 38 1
46 99 20 32 1 1 15 1 1 1 33 20 1 100 36 1
47 99 21 31 1 1 15 1 1 1 33 20 1 100 38 1
48 99 20 32 1 1 17 1 1 1 34 20 1 100 37 1
49 99 20 32 1 1 15 1 1 1 33 20 1 100 36 1
50 99 21 61 1 1 16 1 1 1 33 21 1 100 37 1
51 99 22 41 1 1 16 1 1 1 33 20 1 100 38 1
52 99 22 37 1 1 17 1 1 1 34 20 4 100 37 1
53 99 21 55 1 1 14 1 1 1 33 20 1 100 37 1
54 99 22 36 1 1 16 1 1 1 34 20 1 100 36 1
55 99 20 68 1 1 15 1 1 1 33 19 1 100 37 1
56 99 21 32 1 1 14 1 1 1 33 20 1 100 37 1
57 99 22 43 1 1 16 1 1 1 33 20 1 100 39 1
58 99 1 33 1 1 17 1 1 1 34 20 1 100 37 1
59 99 20 33 1 1 16 1 1 1 34 20 1 100 37 1
60 99 21 31 1 1 14 1 1 1 33 20 5 100 38 1
61 99 21 68 1 1 17 1 1 1 33 19 9 100 36 1
62 99 20 63 1 1 15 1 1 1 33 20 1 100 39 1
63 99 20 40 1 1 16 1 1 1 33 20 1 100 37 1
64 99 21 64 1 1 16 1 1 1 33 99 2 100 37 1
65 99 21 52 1 1 16 1 1 1 33 20 1 100 38 1
66 99 21 62 1 1 16 1 1 1 34 20 1 100 38 1
67 99 20 34 1 1 15 1 1 1 33 20 1 100 36 1
68 99 21 62 1 1 16 1 1 1 33 20 1 100 38 1
69 99 20 31 1 1 15 1 1 1 33 20 1 100 37 1
70 99 20 49 1 1 15 1 1 1 33 20 1 100 38 1
71 99 4 56 1 1 15 1 1 1 33 20 1 100 39 1
72 99 22 30 1 1 16 1 1 1 33 20 1 100 36 1
73 99 20 39 1 1 15 1 1 1 33 20 3 100 37 1
74 99 21 76 1 1 15 1 1 1 33 20 1 100 39 1
75 99 21 32 1 1 17 1 1 1 33 17 17 100 36 1
76 99 21 62 1 1 15 1 1 1 33 19 1 100 38 1
77 99 20 34 1 1 15 1 1 1 33 20 1 100 37 1
78 99 22 35 1 1 14 1 1 1 34 20 2 100 38 1
79 99 20 43 1 1 17 1 1 1 33 20 1 100 37 1
80 99 21 57 1 1 16 1 1 1 34 20 1 100 40 1
81 99 20 35 1 1 15 1 1 1 33 20 1 100 37 1
82 99 22 32 1 1 15 1 1 1 33 2 2 100 38 1
83 99 20 52 1 1 15 1 1 1 33 20 1 100 35 1
84 99 20 35 1 1 15 1 1 1 33 20 1 100 38 1
85 99 20 66 1 1 15 1 1 1 33 20 1 100 38 1
86 99 21 34 1 1 17 1 1 1 33 20 1 100 37 1
87 99 21 39 1 1 17 1 1 1 33 20 1 100 38 1
88 99 20 53 1 1 17 1 1 1 33 20 1 100 36 1
89 99 20 32 1 1 13 1 1 1 33 20 1 100 38 1
90 99 20 70 1 1 16 1 1 1 33 20 1 100 38 1
91 99 20 62 1 1 15 1 1 1 33 20 2 100 38 1
92 99 20 60 1 1 16 1 1 1 33 20 1 100 38 1
93 99 21 73 1 1 17 1 1 1 33 20 1 100 37 1
94 99 4 37 1 1 16 1 1 1 33 20 3 100 38 1
95 99 20 45 1 1 16 1 1 1 33 20 2 100 39 1
96 99 20 45 1 1 15 1 1 1 33 20 1 100 37 1
97 99 20 71 1 1 16 1 1 1 33 20 1 100 37 1
98 99 22 41 1 1 15 1 1 1 33 20 3 100 37 1
99 99 24 54 1 1 17 1 1 1 33 20 2 100 35 1
100 99 20 64 1 1 15 1 1 1 33 20 2 100 37 1
