1 99 10 72 10 10 10 9 1 1 31 10 4 22 33 9
2 99 10 72 10 10 10 10 1 1 31 10 2 23 31 10
3 99 10 39 10 10 10 10 1 1 32 10 1 23 31 10
4 99 10 57 10 10 10 10 1 1 31 10 2 22 32 10
5 99 10 70 10 10 10 10 1 1 31 10 1 23 32 10
6 99 10 25 10 10 10 10 1 1 31 10 9 24 33 10
7 99 10 73 10 10 10 10 1 1 30 10 1 23 32 10
8 99 10 71 10 10 10 10 1 1 31 10 8 23 32 10
9 99 10 48 10 10 10 9 1 1 31 10 3 23 32 9
10 99 10 55 10 10 10 10 1 1 31 10 1 24 33 10
11 99 10 50 10 10 10 10 1 1 31 10 1 23 33 10
12 99 10 56 10 10 10 10 1 1 31 10 7 24 33 10
13 99 10 23 10 10 10 8 1 1 31 10 1 24 31 8
14 99 10 43 10 10 10 10 1 1 31 10 1 23 32 10
15 99 10 67 10 10 10 10 1 1 31 10 10 25 31 10
16 99 10 29 10 10 10 9 1 1 31 10 8 23 31 9
17 99 10 28 10 10 10 9 1 1 31 10 9 24 32 9
18 99 10 26 10 10 10 10 1 1 31 10 1 24 32 10
19 99 10 25 1 10 10 9 1 1 31 10 1 22 31 9
20 99 10 32 10 10 10 10 1 1 31 10 1 23 31 10
21 99 10 62 10 10 10 10 1 1 31 10 1 23 31 10
22 99 10 57 10 10 10 10 1 1 31 10 10 23 31 10
23 99 10 46 10 10 10 10 1 1 31 10 10 23 34 10
24 99 10 28 10 10 10 10 1 1 31 10 1 23 33 10
25 99 10 29 10 10 10 9 1 1 30 10 3 24 32 9
26 99 10 66 10 10 10 8 1 1 31 10 2 23 34 8
27 99 10 28 10 10 10 9 1 1 31 10 9 24 33 9
28 99 10 73 10 10 10 8 1 1 31 10 1 23 32 8
29 99 10 73 10 10 10 9 1 1 32 10 8 23 31 9
30 99 10 33 10 10 10 9 1 1 31 10 1 23 32 9
31 99 10 66 10 10 10 9 1 1 32 10 1 24 31 9
32 99 10 64 10 10 10 10 1 1 31 10 10 24 32 10
33 99 10 37 10 10 10 10 1 1 31 10 1 23 33 10
34 99 10 75 10 10 10 10 1 1 31 10 1 23 32 10
35 99 10 37 10 10 10 10 1 1 31 10 1 23 31 10
36 99 10 43 10 10 10 9 1 1 31 10 1 23 32 9
37 99 10 55 10 10 10 9 1 1 31 10 1 24 33 9
38 99 10 28 10 10 10 10 1 1 31 10 2 23 32 10
39 99 10 47 10 10 10 10 1 1 31 10 1 24 31 10
40 99 10 65 1 10 10 9 1 1 31 10 1 24 32 9
41 99 10 30 10 10 10 10 1 1 31 10 1 22 31 10
42 99 10 59 10 10 10 10 1 1 31 10 9 24 32 10
43 99 10 67 1 10 10 9 1 1 31 10 9 24 33 9
44 99 10 67 10 10 10 10 1 1 31 10 10 22 30 10
45 99 10 64 10 10 10 10 1 1 31 10 6 23 32 10
46 99 10 71 10 10 10 10 1 1 31 10 4 25 31 10
47 99 10 47 10 10 10 10 1 1 31 10 9 23 31 10
48 99 10 45 10 10 10 10 1 1 31 10 10 23 33 10
49 99 10 69 10 10 10 9 1 1 31 10 7 23 32 9
50 99 10 76 10 10 10 10 1 1 31 10 10 25 30 10
51 99 10 70 10 10 10 9 1 1 31 10 9 23 33 9
52 99 10 26 10 10 10 9 1 1 31 10 1 23 32 9
53 99 10 65 10 10 10 9 1 1 31 10 8 24 32 9
54 99 10 69 10 10 10 10 1 1 30 10 3 24 33 10
55 99 10 52 10 10 10 10 1 1 31 10 3 24 32 10
56 99 10 61 10 10 10 10 1 1 31 10 10 23 33 10
57 99 10 42 10 10 10 8 1 1 31 10 8 24 33 8
58 99 10 39 10 10 10 10 1 1 31 10 10 24 32 10
59 99 10 39 10 10 10 10 1 1 31 10 8 23 33 10
60 99 10 27 10 10 10 10 1 1 31 10 9 23 32 10
61 99 10 29 10 10 10 10 1 1 31 10 1 24 32 10
62 99 10 32 10 10 10 9 1 1 31 10 9 24 32 9
63 99 10 68 10 10 10 10 1 1 31 10 2 23 33 10
64 99 10 42 10 10 10 10 1 1 32 10 1 23 32 10
65 99 10 50 1 10 10 9 1 1 31 10 1 23 32 9
66 99 10 55 10 10 10 10 1 1 31 10 1 23 33 10
67 99 10 35 10 10 10 10 1 1 32 10 10 23 33 10
68 99 10 39 10 10 10 10 1 1 31 10 1 24 32 10
69 99 10 67 10 10 10 10 1 1 31 10 1 23 32 10
70 99 10 70 10 10 10 10 1 1 31 10 1 23 31 10
71 99 10 74 10 10 10 9 1 1 31 10 2 23 31 9
72 99 10 75 1 10 10 9 1 1 31 10 1 24 32 9
73 99 10 57 10 10 10 9 1 1 31 10 1 23 31 9
74 99 10 45 10 10 10 9 1 1 32 10 1 23 34 9
75 99 10 38 10 10 10 10 1 1 31 10 1 23 34 10
76 99 10 27 10 10 10 9 1 1 31 10 3 23 31 9
77 99 10 35 10 10 10 10 1 1 30 10 1 22 33 10
78 99 10 24 10 10 10 10 1 1 31 10 9 23 33 10
79 99 10 29 10 10 10 10 1 1 31 10 1 23 33 10
80 99 10 64 1 10 10 9 1 1 31 10 1 24 32 9
81 99 10 25 10 10 10 9 1 1 31 10 9 24 31 9
82 99 10 47 10 10 10 10 1 1 31 10 1 23 33 10
83 99 10 31 10 10 10 10 1 1 31 10 10 23 32 10
84 99 10 28 10 10 10 10 1 1 31 10 1 23 33 10
85 99 10 59 10 10 10 10 1 1 31 10 2 23 32 10
86 99 10 67 10 10 10 10 1 1 31 10 1 24 33 10
87 99 10 55 10 10 10 10 1 1 31 10 1 23 31 10
88 99 10 58 10 10 10 10 1 1 31 10 3 23 33 10
89 99 10 74 10 10 10 10 1 1 31 10 1 23 33 10
90 99 10 28 10 10 10 10 1 1 31 10 1 24 33 10
91 99 10 27 10 10 10 10 1 1 31 10 10 24 30 10
92 99 10 70 10 10 10 10 1 1 31 10 1 23 31 10
93 99 10 27 10 10 10 10 1 1 31 10 2 23 32 10
94 99 10 27 10 10 10 9 1 1 31 10 9 23 32 9
95 99 10 30 10 10 10 10 1 1 31 10 8 23 33 10
96 99 10 26 10 10 10 9 1 1 31 10 9 24 31 9
97 99 10 64 10 10 10 9 1 1 31 10 1 23 33 9
98 99 10 25 10 10 10 8 1 1 31 10 1 22 32 8
99 99 10 71 1 10 10 9 1 1 31 10 1 24 33 9
100 99 10 58 10 10 10 10 1 1 31 10 10 24 31 10
