1 99 10 55 1 1 10 1 1 1 31 10 4 100 40 1
2 99 10 72 1 1 10 1 1 1 31 10 1 100 38 1
3 99 10 39 1 1 10 1 1 1 31 10 1 100 39 1
4 99 11 57 1 1 10 1 1 1 31 10 1 100 39 1
5 99 11 70 1 1 10 1 1 1 31 10 1 100 38 1
6 99 10 45 1 1 10 1 1 1 31 10 1 100 39 1
7 99 11 73 1 1 10 1 1 1 30 10 1 100 39 1
8 99 11 71 1 1 10 1 1 1 31 10 1 100 39 1
9 99 10 48 1 1 10 1 1 1 31 10 1 100 39 1
10 99 10 55 1 1 10 1 1 1 30 10 1 100 39 1
11 99 10 75 1 1 10 1 1 1 31 10 1 100 40 1
12 99 11 56 1 1 10 1 1 1 31 10 2 100 38 1
13 99 11 77 1 1 10 1 1 1 31 10 1 100 39 1
14 99 10 43 1 1 10 1 1 1 31 10 1 100 39 1
15 99 10 35 1 1 10 1 1 1 31 10 1 100 39 1
16 99 10 60 1 1 10 1 1 1 31 10 1 100 39 1
17 99 11 79 1 1 10 1 1 1 30 10 1 100 39 1
18 99 12 62 1 1 10 1 1 1 31 10 1 100 38 1
19 99 10 67 1 1 10 1 1 1 31 10 1 100 38 1
20 99 10 76 1 1 10 1 1 1 31 10 1 100 37 1
21 99 10 62 1 1 10 1 1 1 31 10 1 100 38 1
22 99 10 57 1 1 10 1 1 1 31 10 1 100 38 1
23 99 10 34 1 1 10 1 1 1 31 10 1 100 40 1
24 99 10 39 1 1 10 1 1 1 31 10 1 100 39 1
25 99 11 79 1 1 10 1 1 1 30 10 1 100 38 1
26 99 11 66 1 1 10 1 1 1 31 10 1 100 40 1
27 99 10 33 1 1 10 1 1 1 31 10 1 100 40 1
28 99 10 73 1 1 10 1 1 1 31 10 1 100 39 1
29 99 11 73 1 1 10 1 1 1 31 10 1 100 38 1
30 99 10 33 1 1 10 1 1 1 31 10 1 100 39 1
31 99 12 66 1 1 10 1 1 1 31 10 1 100 38 1
32 99 11 64 1 1 10 1 1 1 31 10 1 100 38 1
33 99 12 35 1 1 10 1 1 1 31 10 1 100 40 1
34 99 10 34 1 1 10 1 1 1 31 10 1 100 39 1
35 99 10 37 1 1 10 1 1 1 30 10 1 100 38 1
36 99 11 63 1 1 10 1 1 1 31 10 1 100 39 1
37 99 10 55 1 1 10 1 1 1 31 10 1 100 40 1
38 99 10 51 1 1 10 1 1 1 31 10 1 100 39 1
39 99 11 65 1 1 10 1 1 1 31 10 1 100 38 1
40 99 11 62 1 1 10 1 1 1 31 10 1 100 38 1
41 99 10 47 1 1 10 1 1 1 31 10 1 100 38 1
42 99 11 59 1 1 10 1 1 1 31 10 2 100 38 1
43 99 11 67 1 1 10 1 1 1 31 10 1 100 41 1
44 99 12 67 1 1 10 1 1 1 31 10 1 100 38 1
45 99 10 43 1 1 10 1 1 1 31 10 1 100 39 1
46 99 10 62 1 1 10 1 1 1 31 10 1 100 37 1
47 99 10 47 1 1 10 1 1 1 31 10 1 100 39 1
48 99 11 35 1 1 10 1 1 1 30 10 1 100 39 1
49 99 12 75 1 1 10 1 1 1 31 10 1 100 38 1
50 99 11 76 1 1 10 1 1 1 31 10 1 100 37 1
51 99 10 35 1 1 10 1 1 1 31 10 1 100 38 1
52 99 11 47 1 1 10 1 1 1 31 10 1 100 39 1
53 99 11 65 1 1 10 1 1 1 30 10 1 100 39 1
54 99 11 78 1 1 10 1 1 1 30 10 1 100 41 1
55 99 10 52 1 1 10 1 1 1 31 10 3 100 38 1
56 99 11 42 1 1 10 1 1 1 31 10 2 100 40 1
57 99 11 42 1 1 10 1 1 1 31 10 1 100 39 1
58 99 10 38 1 1 10 1 1 1 31 10 1 100 38 1
59 99 12 39 1 1 10 1 1 1 30 10 1 100 39 1
60 99 10 61 1 1 10 1 1 1 31 10 2 100 39 1
61 99 11 76 1 1 10 1 1 1 31 10 1 100 39 1
62 99 10 32 1 1 10 1 1 1 31 10 2 100 38 1
63 99 12 76 1 1 10 1 1 1 30 10 2 100 39 1
64 99 10 42 1 1 10 1 1 1 31 10 1 100 39 1
65 99 12 50 1 1 10 1 1 1 30 10 1 100 39 1
66 99 10 55 1 1 10 1 1 1 30 10 1 100 39 1
67 99 10 35 1 1 10 1 1 1 31 10 1 100 39 1
68 99 10 48 1 1 10 1 1 1 31 10 1 100 38 1
69 99 11 67 1 1 10 1 1 1 31 10 1 100 37 1
70 99 10 70 1 1 10 1 1 1 30 10 1 100 38 1
71 99 11 74 1 1 10 1 1 1 31 10 1 100 39 1
72 99 11 75 1 1 10 1 1 1 31 10 1 100 39 1
73 99 11 33 1 1 10 1 1 1 31 10 1 100 37 1
74 99 10 41 1 1 10 1 1 1 31 10 1 100 39 1
75 99 12 38 1 1 10 1 1 1 31 10 1 100 40 1
76 99 11 48 1 1 10 1 1 1 31 10 2 100 40 1
77 99 11 35 1 1 10 1 1 1 30 10 1 100 38 1
78 99 11 39 1 1 10 1 1 1 31 10 2 100 38 1
79 99 10 37 1 1 10 1 1 1 31 10 1 100 38 1
80 99 11 64 1 1 10 1 1 1 31 10 1 100 38 1
81 99 10 41 1 1 10 1 1 1 30 10 1 100 38 1
82 99 10 59 1 1 10 1 1 1 31 10 1 100 39 1
83 99 11 38 1 1 10 1 1 1 31 10 1 100 39 1
84 99 10 35 1 1 10 1 1 1 31 10 1 100 38 1
85 99 10 59 1 1 10 1 1 1 31 10 1 100 37 1
86 99 13 67 1 1 10 1 1 1 31 10 1 100 40 1
87 99 10 55 1 1 10 1 1 1 31 10 1 100 39 1
88 99 12 76 1 1 10 1 1 1 31 10 3 100 38 1
89 99 10 74 1 1 10 1 1 1 31 10 1 100 40 1
90 99 10 48 1 1 10 1 1 1 31 10 1 100 39 1
91 99 10 33 1 1 10 1 1 1 30 10 1 100 37 1
92 99 10 70 1 1 10 1 1 1 31 10 1 100 37 1
93 99 10 60 1 1 10 1 1 1 30 10 2 100 39 1
94 99 11 32 1 1 10 1 1 1 30 10 1 100 38 1
95 99 11 67 1 1 10 1 1 1 31 10 2 100 41 1
96 99 10 71 1 1 10 1 1 1 31 10 2 100 39 1
97 99 10 42 1 1 10 1 1 1 31 10 1 100 41 1
98 99 10 73 1 1 10 1 1 1 31 10 1 100 40 1
99 99 11 71 1 1 10 1 1 1 30 10 1 100 40 1
100 99 10 51 1 1 10 1 1 1 31 10 1 100 37 1
