1 99 23 20 20 20 24 21 1 1 38 21 20 53 23 10
2 99 25 20 20 20 25 23 1 1 39 23 22 57 25 10
3 99 0 20 20 20 26 22 1 1 39 1 1 2 25 10
4 99 23 20 20 20 25 22 1 1 38 22 1 53 24 10
5 99 25 20 20 20 27 23 1 1 39 1 1 2 25 10
6 99 23 20 20 20 27 21 1 1 39 1 1 2 26 10
7 99 21 20 20 20 22 20 1 1 37 20 20 50 22 10
8 99 22 20 20 20 25 21 1 1 38 21 21 57 25 10
9 99 27 20 20 20 27 22 1 1 39 22 22 59 27 10
10 99 25 20 20 20 28 23 1 1 40 23 1 57 28 10
11 99 22 20 20 20 28 21 1 1 39 1 1 2 28 10
12 99 24 20 20 20 26 22 1 1 39 1 1 2 25 10
13 99 24 20 20 20 24 21 1 1 38 21 21 53 24 10
14 99 25 20 20 20 25 23 1 1 39 23 23 62 25 10
15 99 24 20 20 20 26 21 1 1 38 21 21 56 24 10
16 99 23 20 20 20 23 21 1 1 37 1 1 48 23 10
17 99 25 20 20 20 27 22 1 1 39 22 21 61 27 10
18 99 27 20 20 20 27 22 1 1 38 21 1 53 26 10
19 99 21 20 20 20 26 20 1 1 38 20 20 54 26 10
20 99 28 20 20 20 28 22 1 1 40 21 21 61 27 10
21 99 0 20 20 20 24 21 1 1 37 1 1 2 23 10
22 99 23 20 20 20 25 20 1 1 38 20 20 54 23 10
23 99 21 20 20 20 25 21 1 1 38 21 21 56 25 10
24 99 25 20 20 20 27 22 1 1 39 1 1 2 25 10
25 99 27 20 20 20 25 20 1 1 37 20 20 51 25 10
26 99 25 20 20 20 26 23 1 1 39 1 1 3 26 10
27 99 29 20 20 20 29 24 1 1 40 24 1 58 29 10
28 99 25 20 20 20 26 22 1 1 39 21 21 61 25 10
29 99 0 20 20 20 25 22 1 1 38 1 1 2 24 10
30 99 23 20 20 20 26 20 1 1 38 20 1 51 25 10
31 99 24 20 20 20 24 21 1 1 38 20 20 53 24 10
32 99 25 20 20 20 25 22 1 1 38 22 1 52 25 10
33 99 23 20 20 20 24 21 1 1 38 1 1 2 24 10
34 99 23 20 20 20 26 22 1 1 38 1 1 2 24 10
35 99 27 20 20 20 26 22 1 1 39 21 21 59 26 10
36 99 23 20 20 20 24 22 1 1 38 21 21 56 24 10
37 99 22 20 20 20 23 21 1 1 37 21 20 51 22 10
38 99 21 20 20 20 22 20 1 1 38 20 1 50 22 10
39 99 22 20 20 20 23 20 1 1 37 20 20 52 22 10
40 99 23 20 20 20 24 22 1 1 38 22 22 57 24 10
41 99 20 20 20 20 22 20 1 1 37 20 20 50 22 10
42 99 25 20 20 20 25 21 1 1 38 1 1 2 24 10
43 99 21 20 20 20 28 20 1 1 39 20 1 50 24 10
44 99 24 20 20 20 26 22 1 1 38 1 1 2 25 10
45 99 0 20 20 20 26 23 1 1 39 1 1 2 25 10
46 99 21 20 20 20 26 21 1 1 38 21 21 56 25 10
47 99 22 20 20 20 25 21 1 1 38 21 21 53 25 10
48 99 24 20 20 20 25 21 1 1 38 21 1 53 24 10
49 99 28 20 20 20 28 24 1 1 39 21 1 63 28 10
50 99 25 20 20 20 25 21 1 1 38 21 21 55 25 10
51 99 24 20 20 20 24 21 1 1 38 20 20 52 24 10
52 99 21 20 20 20 22 21 1 1 37 21 21 52 21 10
53 99 27 20 20 20 26 22 1 1 38 21 21 57 25 10
54 99 21 20 20 20 23 20 1 1 37 20 20 50 22 10
55 99 23 20 20 20 25 20 1 1 38 20 20 52 23 10
56 99 25 20 20 20 29 24 1 1 39 1 1 62 27 10
57 99 20 20 20 20 23 20 1 1 37 20 20 48 23 10
58 99 22 20 20 20 24 22 1 1 37 1 1 2 23 10
59 99 21 20 20 20 25 20 1 1 38 20 20 55 25 10
60 99 22 20 20 20 25 20 1 1 38 20 20 53 24 10
61 99 22 20 20 20 25 21 1 1 39 1 1 2 25 10
62 99 99 20 20 20 24 21 1 1 38 1 1 2 23 10
63 99 22 20 20 20 25 21 1 1 38 20 20 53 23 10
64 99 24 20 20 20 26 23 1 1 39 1 1 2 26 10
65 99 26 20 20 20 27 21 1 1 39 20 20 62 26 10
66 99 24 20 20 20 28 22 1 1 39 21 1 55 26 10
67 99 20 20 20 20 25 20 1 1 38 20 20 52 25 10
68 99 21 20 20 20 26 20 1 1 38 20 1 50 23 10
69 99 24 20 20 20 24 20 1 1 38 20 20 56 24 10
70 99 25 20 20 20 26 21 1 1 38 20 20 58 25 10
71 99 25 20 20 20 27 23 1 1 39 21 21 61 26 10
72 99 30 20 20 20 29 22 1 1 40 1 21 65 29 10
73 99 24 20 20 20 24 22 1 1 38 22 1 51 24 10
74 99 22 20 20 20 24 22 1 1 37 22 22 52 22 10
75 99 29 20 20 20 29 23 1 1 40 23 23 63 28 10
76 99 22 20 20 20 25 20 1 1 38 20 20 53 25 10
77 99 26 20 20 20 26 21 1 1 39 20 20 57 26 10
78 99 21 20 20 20 24 21 1 1 38 20 20 51 22 10
79 99 22 20 20 20 23 21 1 1 38 21 20 51 22 10
80 99 25 20 20 20 27 23 1 1 39 1 1 57 25 10
81 99 22 20 20 20 22 20 1 1 37 20 20 51 22 10
82 99 22 20 20 20 24 21 1 1 37 21 21 53 22 10
83 99 21 20 20 20 22 20 1 1 37 20 20 50 21 10
84 99 21 20 20 20 22 21 1 1 37 20 20 48 22 10
85 99 24 20 20 20 24 20 1 1 37 20 20 51 24 10
86 99 22 20 20 20 22 20 1 1 37 20 20 49 22 10
87 99 0 20 20 20 27 23 1 1 39 1 1 2 26 10
88 99 21 20 20 20 26 21 1 1 38 21 21 51 24 10
89 99 24 20 20 20 25 22 1 1 38 1 1 2 24 10
90 99 21 20 20 20 24 20 1 1 38 20 20 50 23 10
91 99 21 20 20 20 24 20 1 1 38 20 20 52 24 10
92 99 22 20 20 20 24 20 1 1 38 20 20 55 24 10
93 99 21 20 20 20 27 21 1 1 39 21 21 58 25 10
94 99 20 20 20 20 22 20 1 1 37 20 20 51 22 10
95 99 23 20 20 20 24 20 1 1 38 20 20 53 23 10
96 99 24 20 20 20 24 23 1 1 38 23 23 54 24 10
97 99 24 20 20 20 26 23 1 1 39 1 1 2 26 10
98 99 23 20 20 20 26 21 1 1 39 21 21 54 25 10
99 99 22 20 20 20 24 21 1 1 38 20 20 54 23 10
100 99 22 20 20 20 24 21 1 1 38 21 21 53 24 10
