1 99 10 10 10 10 10 10 1 1 31 10 10 20 11 10
2 99 10 10 10 10 10 10 1 1 31 10 10 20 12 10
3 99 10 10 10 10 10 10 1 1 31 10 10 20 12 10
4 99 10 10 10 10 10 10 1 1 31 10 10 20 11 10
5 99 10 10 10 10 10 10 1 1 30 10 10 20 12 10
6 99 10 10 10 10 10 10 1 1 31 10 10 20 12 10
7 99 10 10 10 10 10 10 1 1 30 10 10 20 11 10
8 99 10 10 10 10 10 10 1 1 31 10 10 20 11 10
9 99 10 10 10 10 10 10 1 1 31 10 10 20 11 10
10 99 10 10 10 10 10 10 1 1 30 10 10 20 12 10
11 99 10 10 10 10 10 10 1 1 31 10 10 20 12 10
12 99 10 10 10 10 10 10 1 1 30 10 10 20 12 10
13 99 10 10 10 10 10 10 1 1 31 10 10 20 12 10
14 99 10 10 10 10 10 10 1 1 31 10 10 20 11 10
15 99 10 10 10 10 10 10 1 1 31 10 10 20 11 10
16 99 10 10 10 10 10 10 1 1 31 10 10 20 11 10
17 99 10 10 10 10 10 10 1 1 30 10 10 20 11 10
18 99 10 10 10 10 10 10 1 1 31 10 10 21 12 10
19 99 10 10 10 10 10 10 1 1 31 10 10 20 12 10
20 99 10 10 10 10 10 10 1 1 31 10 10 20 11 10
21 99 10 10 10 10 10 10 1 1 31 10 10 20 12 10
22 99 10 10 10 10 10 10 1 1 30 10 10 20 10 10
23 99 10 10 10 10 10 10 1 1 31 10 10 20 12 10
24 99 10 10 10 10 10 10 1 1 31 10 10 20 13 10
25 99 10 10 10 10 10 10 1 1 30 10 10 20 11 10
26 99 10 10 10 10 10 10 1 1 31 10 10 20 11 10
27 99 10 10 10 10 10 10 1 1 31 10 10 20 13 10
28 99 10 10 10 10 10 10 1 1 31 10 10 20 13 10
29 99 10 10 10 10 10 10 1 1 31 10 10 20 11 10
30 99 10 10 10 10 10 10 1 1 31 10 10 20 12 10
31 99 10 10 10 10 10 10 1 1 31 10 10 20 13 10
32 99 10 10 10 10 10 10 1 1 31 10 10 20 11 10
33 99 10 10 10 10 10 10 1 1 31 10 10 20 12 10
34 99 10 10 10 10 10 10 1 1 30 10 10 20 12 10
35 99 10 10 10 10 10 10 1 1 30 10 10 20 11 10
36 99 10 10 10 10 10 10 1 1 30 10 10 20 11 10
37 99 10 10 10 10 10 10 1 1 30 10 10 20 12 10
38 99 10 10 10 10 10 10 1 1 30 10 10 20 11 10
39 99 10 10 10 10 10 10 1 1 31 10 10 20 11 10
40 99 10 10 10 10 10 10 1 1 31 10 10 20 11 10
41 99 10 10 10 10 10 10 1 1 31 10 10 20 12 10
42 99 10 10 10 10 10 10 1 1 30 10 10 20 11 10
43 99 10 10 10 10 10 10 1 1 31 10 10 20 12 10
44 99 10 10 10 10 10 10 1 1 31 10 10 20 11 10
45 99 10 10 10 10 10 10 1 1 31 10 10 20 11 10
46 99 10 10 10 10 10 10 1 1 31 10 10 20 12 10
47 99 10 10 10 10 10 10 1 1 30 10 10 20 11 10
48 99 10 10 10 10 10 10 1 1 30 10 10 20 11 10
49 99 10 10 10 10 10 10 1 1 31 10 10 20 12 10
50 99 10 10 10 10 10 10 1 1 31 10 10 20 13 10
51 99 10 10 10 10 10 10 1 1 30 10 10 20 12 10
52 99 10 10 10 10 10 10 1 1 31 10 10 20 12 10
53 99 10 10 10 10 10 10 1 1 30 10 10 20 11 10
54 99 10 10 10 10 10 10 1 1 30 10 10 20 11 10
55 99 10 10 10 10 10 10 1 1 30 10 10 20 11 10
56 99 10 10 10 10 10 10 1 1 31 10 10 20 11 10
57 99 10 10 10 10 10 10 1 1 31 10 10 20 12 10
58 99 10 10 10 10 10 10 1 1 31 10 10 20 12 10
59 99 10 10 10 10 10 10 1 1 30 10 10 20 12 10
60 99 10 10 10 10 10 10 1 1 31 10 10 20 12 10
61 99 10 10 10 10 10 10 1 1 30 10 10 20 11 10
62 99 10 10 10 10 10 10 1 1 31 10 10 20 12 10
63 99 10 10 10 10 10 10 1 1 30 10 10 20 12 10
64 99 10 10 10 10 10 10 1 1 31 10 10 20 13 10
65 99 10 10 10 10 10 10 1 1 31 10 10 20 12 10
66 99 10 10 10 10 10 10 1 1 30 10 10 20 12 10
67 99 10 10 10 10 10 10 1 1 31 10 10 20 12 10
68 99 10 10 10 10 10 10 1 1 31 10 10 20 12 10
69 99 10 10 10 10 10 10 1 1 31 10 10 20 11 10
70 99 10 10 10 10 10 10 1 1 30 10 10 20 12 10
71 99 10 10 10 10 10 10 1 1 31 10 10 20 13 10
72 99 10 10 10 10 10 10 1 1 31 10 10 20 12 10
73 99 10 10 10 10 10 10 1 1 31 10 10 20 11 10
74 99 10 10 10 10 10 10 1 1 31 10 10 20 12 10
75 99 10 10 10 10 10 10 1 1 31 10 10 20 12 10
76 99 10 10 10 10 10 10 1 1 31 10 10 20 12 10
77 99 10 10 10 10 10 10 1 1 30 10 10 20 11 10
78 99 10 10 10 10 10 10 1 1 31 10 10 20 11 10
79 99 10 10 10 10 10 10 1 1 31 10 10 20 11 10
80 99 10 10 10 10 10 10 1 1 31 10 10 20 12 10
81 99 10 10 10 10 10 10 1 1 30 10 10 20 11 10
82 99 10 10 10 10 10 10 1 1 31 10 10 20 12 10
83 99 10 10 10 10 10 10 1 1 31 10 10 20 12 10
84 99 10 10 10 10 10 10 1 1 31 10 10 20 12 10
85 99 10 10 10 10 10 10 1 1 31 10 10 20 11 10
86 99 10 10 10 10 10 10 1 1 30 10 10 20 13 10
87 99 10 10 10 10 10 10 1 1 31 10 10 20 11 10
88 99 10 10 10 10 10 10 1 1 31 10 10 20 12 10
89 99 10 10 10 10 10 10 1 1 30 10 10 20 13 10
90 99 10 10 10 10 10 10 1 1 31 10 10 20 13 10
91 99 10 10 10 10 10 10 1 1 30 10 10 20 11 10
92 99 10 10 10 10 10 10 1 1 31 10 10 20 12 10
93 99 10 10 10 10 10 10 1 1 30 10 10 20 12 10
94 99 10 10 10 10 10 10 1 1 30 10 10 20 11 10
95 99 10 10 10 10 10 10 1 1 31 10 10 20 11 10
96 99 10 10 10 10 10 10 1 1 30 10 10 20 12 10
97 99 10 10 10 10 10 10 1 1 31 10 10 20 12 10
98 99 10 10 10 10 10 10 1 1 31 10 10 20 11 10
99 99 10 10 10 10 10 10 1 1 30 10 10 20 11 10
100 99 10 10 10 10 10 10 1 1 31 10 10 20 12 10
