1 99 13 62 10 10 14 3 1 1 34 13 1 100 34 3
2 99 0 75 10 10 16 6 1 1 36 1 1 2 34 6
3 99 0 43 10 10 19 4 1 1 36 1 1 2 36 4
4 99 0 73 1 10 16 3 1 1 35 1 1 2 35 3
5 99 0 73 10 10 19 12 1 1 36 1 1 2 32 10
6 99 0 24 10 10 17 2 1 1 36 1 1 2 35 2
7 99 14 52 10 10 14 6 1 1 34 14 1 100 29 6
8 99 14 73 10 10 12 1 1 1 34 10 1 100 36 1
9 99 0 74 10 10 17 2 1 1 35 15 1 100 36 2
10 99 18 51 10 10 17 4 1 1 35 2 2 100 33 4
11 99 0 76 10 10 18 7 1 1 37 3 1 5 40 7
12 99 0 49 1 10 20 3 1 1 36 1 1 2 34 3
13 99 14 25 1 10 14 3 1 1 34 12 1 100 30 3
14 99 0 58 10 10 13 5 1 1 34 3 1 20 31 5
15 99 0 74 10 10 18 4 1 1 36 1 1 2 34 4
16 99 15 75 10 10 15 4 1 1 35 12 1 100 35 4
17 99 17 37 10 10 15 5 1 1 34 11 1 100 31 5
18 99 0 70 1 10 19 4 1 1 36 1 1 2 36 4
19 99 0 51 1 10 17 3 1 1 35 1 1 2 31 3
20 99 16 51 10 10 15 3 1 1 35 1 1 100 36 3
21 99 0 31 10 10 19 3 1 1 35 2 1 4 32 3
22 99 0 57 10 10 12 5 1 1 33 1 1 2 27 5
23 99 14 65 10 10 14 3 1 1 34 13 2 100 32 3
24 99 15 26 10 10 15 4 1 1 34 2 1 100 31 4
25 99 0 59 10 10 17 7 1 1 35 1 1 3 32 7
26 99 14 73 10 10 14 1 1 1 34 1 1 2 32 1
27 99 0 33 1 1 18 4 1 1 37 1 1 2 39 4
28 99 0 25 10 10 19 7 1 1 36 1 1 2 36 7
29 99 0 65 10 10 15 2 1 1 35 1 1 2 34 2
30 99 0 26 1 10 16 4 1 1 35 1 1 2 33 4
31 99 12 50 10 10 17 5 1 1 35 11 1 100 32 5
32 99 14 29 10 10 14 5 1 1 34 13 1 100 31 5
33 99 0 49 10 10 17 8 1 1 35 1 1 3 35 8
34 99 0 41 1 10 16 3 1 1 35 1 1 2 33 3
35 99 0 45 10 10 17 7 1 1 35 1 1 3 31 7
36 99 16 66 10 10 16 3 1 1 35 2 1 100 32 3
37 99 12 28 10 10 14 5 1 1 35 1 1 26 34 5
38 99 0 33 10 10 17 3 1 1 35 1 1 100 34 3
39 99 12 24 1 10 12 3 1 1 34 11 1 100 30 3
40 99 11 34 10 10 13 4 1 1 33 11 1 100 30 4
41 99 0 36 10 10 16 6 1 1 36 1 1 2 37 6
42 99 12 60 1 10 14 5 1 1 34 2 1 100 32 5
43 99 10 56 10 10 13 2 1 1 33 10 1 100 27 2
44 99 0 26 10 10 17 4 1 1 35 1 1 2 32 4
45 99 0 71 1 10 17 4 1 1 35 1 1 28 32 4
46 99 13 27 1 10 14 6 1 1 35 2 1 100 32 6
47 99 0 35 10 10 16 5 1 1 35 1 1 2 36 5
48 99 0 58 10 10 16 1 1 1 35 1 1 100 32 1
49 99 15 76 10 10 15 6 1 1 34 3 1 31 30 6
50 99 17 56 10 10 16 3 1 1 35 1 1 100 35 3
51 99 0 58 10 10 18 5 1 1 35 1 1 100 33 5
52 99 0 71 10 10 13 2 1 1 34 13 1 100 30 2
53 99 17 25 10 10 14 2 1 1 34 11 2 100 31 2
54 99 11 47 10 10 12 6 1 1 33 11 1 25 27 6
55 99 0 33 10 10 17 6 1 1 35 1 1 2 31 6
56 99 11 49 1 10 13 3 1 1 34 11 1 100 31 3
57 99 16 26 10 10 14 1 1 1 34 11 2 100 30 1
58 99 0 56 10 10 19 5 1 1 36 1 1 100 32 5
59 99 17 61 10 10 14 1 1 1 34 11 1 100 36 1
60 99 0 75 10 10 13 2 1 1 33 1 1 2 29 2
61 99 17 64 10 10 15 1 1 1 35 13 1 100 32 1
62 99 13 48 10 10 14 2 1 1 34 13 1 100 31 2
63 99 12 70 10 10 14 3 1 1 35 1 1 100 34 3
64 99 0 47 1 10 18 5 1 1 36 2 1 4 35 5
65 99 16 51 10 10 16 1 1 1 35 12 1 100 34 1
66 99 0 27 10 10 17 4 1 1 35 2 1 3 36 4
67 99 15 63 10 10 15 4 1 1 34 13 1 100 33 4
68 99 12 28 10 10 17 4 1 1 35 1 1 100 34 4
69 99 0 72 1 10 17 1 1 1 36 1 1 100 35 1
70 99 18 44 10 10 17 5 1 1 35 13 2 100 31 5
71 99 11 77 10 10 12 4 1 1 34 10 1 100 30 4
72 99 14 26 10 10 16 4 1 1 35 14 1 100 32 4
73 99 18 28 10 10 17 4 1 1 35 1 1 100 34 4
74 99 19 24 10 10 18 8 1 1 35 1 1 100 33 8
75 99 15 28 10 10 15 7 1 1 34 2 1 24 31 7
76 99 0 62 1 10 16 5 1 1 34 1 1 2 33 5
77 99 0 44 10 10 16 3 1 1 35 1 1 2 31 3
78 99 0 26 1 10 17 4 1 1 36 1 1 3 35 4
79 99 15 55 10 10 13 2 1 1 34 1 1 100 31 2
80 99 17 38 10 10 17 4 1 1 36 15 2 100 33 4
81 99 13 29 10 10 17 1 1 1 35 4 1 100 33 1
82 99 12 46 10 10 12 3 1 1 34 11 1 100 31 3
83 99 0 26 10 10 16 7 1 1 35 1 1 2 33 7
84 99 13 28 10 10 13 4 1 1 34 11 2 100 30 4
85 99 13 59 10 10 14 7 1 1 34 13 3 100 28 7
86 99 12 46 10 10 14 3 1 1 34 10 1 100 31 3
87 99 12 26 10 10 13 6 1 1 34 1 1 2 29 6
88 99 18 53 10 10 17 1 1 1 36 12 1 100 33 1
89 99 13 53 10 10 13 4 1 1 34 1 1 100 32 4
90 99 0 35 10 10 16 5 1 1 35 1 1 2 32 5
91 99 16 39 10 10 16 3 1 1 35 1 1 100 37 3
92 99 0 39 10 10 15 5 1 1 34 1 1 2 32 5
93 99 12 49 10 10 15 6 1 1 35 1 1 100 35 6
94 99 17 29 10 10 16 2 1 1 35 1 1 100 34 2
95 99 11 74 10 10 13 2 1 1 34 11 1 100 33 2
96 99 12 34 10 10 14 5 1 1 35 12 1 100 32 5
97 99 12 25 10 10 13 7 1 1 35 10 1 100 34 7
98 99 11 32 10 10 14 5 1 1 34 11 1 100 30 5
99 99 11 74 10 10 14 3 1 1 34 11 2 100 31 3
100 99 0 38 1 10 15 4 1 1 34 2 1 4 34 4
