1 99 0 47 1 1 12 1 1 1 35 2 1 100 38 1
2 99 0 71 1 1 13 2 1 1 35 1 1 2 41 2
3 99 0 33 1 1 15 3 1 1 35 1 1 2 41 3
4 99 0 71 1 1 13 3 1 1 35 2 1 5 40 3
5 99 0 60 1 1 18 5 1 1 36 1 1 2 36 5
6 99 0 74 1 1 13 1 1 1 35 1 1 2 42 1
7 99 0 46 1 1 8 1 1 1 33 1 1 100 35 1
8 99 0 43 1 1 11 1 1 1 35 1 1 2 40 1
9 99 0 58 1 1 16 2 1 1 36 2 1 5 41 2
10 99 0 37 1 1 13 3 1 1 35 2 1 4 42 3
11 99 0 51 1 1 12 1 1 1 35 1 1 2 42 1
12 99 0 73 1 1 15 5 1 1 36 1 1 2 38 5
13 99 0 35 1 1 12 1 1 1 35 1 1 2 39 1
14 99 0 70 1 1 10 3 1 1 34 3 1 5 40 3
15 99 0 54 1 1 11 1 1 1 34 1 1 100 38 1
16 99 0 71 1 1 11 1 1 1 34 1 1 2 36 1
17 99 0 35 1 1 11 2 1 1 35 1 1 100 41 2
18 99 0 58 1 1 16 2 1 1 35 1 1 2 38 2
19 99 0 56 1 1 13 1 1 1 35 1 1 100 40 1
20 99 0 43 1 1 14 1 1 1 36 1 1 2 40 1
21 99 0 62 1 1 11 1 1 1 34 1 1 2 35 1
22 99 0 43 1 1 11 1 1 1 34 1 1 100 37 1
23 99 0 39 1 1 12 1 1 1 34 1 1 100 38 1
24 99 0 47 1 1 15 2 1 1 35 1 1 2 38 2
25 99 0 35 1 1 13 1 1 1 34 1 1 100 36 1
26 99 0 67 1 1 12 3 1 1 34 1 1 2 42 3
27 99 0 75 1 1 16 6 1 1 36 1 1 3 41 6
28 99 0 66 1 1 11 1 1 1 34 1 1 3 39 1
29 99 0 46 1 1 12 3 1 1 34 1 1 2 40 3
30 99 0 36 1 1 10 1 1 1 34 1 1 3 39 1
31 99 0 76 1 1 14 1 1 1 35 3 1 100 37 1
32 99 0 72 1 1 12 2 1 1 35 1 1 2 40 2
33 99 0 34 1 1 12 1 1 1 34 1 1 2 38 1
34 99 0 33 1 1 15 2 1 1 35 1 1 3 36 2
35 99 0 40 1 1 14 2 1 1 35 1 1 100 41 2
36 99 0 44 1 1 15 1 1 1 35 1 1 100 38 1
37 99 0 35 1 1 12 1 1 1 34 1 1 100 35 1
38 99 0 38 1 1 10 1 1 1 34 1 1 2 41 1
39 99 0 74 1 1 9 1 1 1 33 3 2 100 36 1
40 99 0 58 1 1 13 2 1 1 34 2 2 4 41 2
41 99 0 69 1 1 8 1 1 1 34 1 1 100 35 1
42 99 0 39 1 1 12 1 1 1 34 1 1 2 35 1
43 99 0 36 1 1 14 1 1 1 35 1 1 2 37 1
44 99 0 43 1 1 14 2 1 1 35 1 1 5 39 2
45 99 0 33 1 1 14 4 1 1 35 1 1 2 38 4
46 99 0 76 1 1 11 2 1 1 34 1 1 4 41 2
47 99 0 57 1 1 11 1 1 1 34 1 1 2 37 1
48 99 0 49 1 1 12 2 1 1 34 2 1 100 38 2
49 99 0 52 1 1 16 2 1 1 35 2 2 100 39 2
50 99 0 62 1 1 11 1 1 1 34 1 1 2 36 1
51 99 0 67 1 1 14 1 1 1 35 1 1 100 38 1
52 99 0 36 1 1 10 1 1 1 34 1 1 2 34 1
53 99 0 54 1 1 14 1 1 1 35 1 1 2 38 1
54 99 0 35 1 1 10 1 1 1 33 1 1 100 37 1
55 99 0 73 1 1 10 1 1 1 33 1 1 100 34 1
56 99 0 39 1 1 14 3 1 1 35 1 1 9 39 3
57 99 0 38 1 1 14 1 1 1 34 1 1 100 37 1
58 99 0 35 1 1 11 1 1 1 34 1 1 2 35 1
59 99 0 33 1 1 12 1 1 1 34 2 1 100 37 1
60 99 0 35 1 1 10 1 1 1 34 3 1 100 40 1
61 99 0 36 1 1 10 1 1 1 34 1 1 2 41 1
62 99 0 52 1 1 13 1 1 1 35 1 1 2 37 1
63 99 0 34 1 1 12 1 1 1 34 1 1 100 37 1
64 99 0 33 1 1 17 5 1 1 36 1 1 3 40 5
65 99 0 64 1 1 12 1 1 1 34 1 1 100 39 1
66 99 0 41 1 1 15 2 1 1 36 2 1 100 38 2
67 99 0 33 1 1 12 1 1 1 35 1 1 100 41 1
68 99 0 35 1 1 11 1 1 1 35 1 1 2 37 1
69 99 0 52 1 1 10 1 1 1 34 99 99 100 37 1
70 99 0 63 1 1 15 1 1 1 35 1 1 100 40 1
71 99 0 35 1 1 14 1 1 1 35 1 1 2 41 1
72 99 0 39 1 1 14 1 1 1 35 1 1 100 42 1
73 99 0 79 1 1 9 2 1 1 34 1 1 2 35 2
74 99 0 74 1 1 14 2 1 1 34 1 1 4 37 2
75 99 0 46 1 1 19 4 1 1 37 4 1 100 37 4
76 99 0 35 1 1 14 1 1 1 35 4 1 100 37 1
77 99 0 38 1 1 13 1 1 1 35 3 1 100 41 1
78 99 0 45 1 1 13 1 1 1 34 1 1 100 35 1
79 99 0 42 1 1 11 1 1 1 35 2 1 100 38 1
80 99 0 33 1 1 15 2 1 1 36 1 1 2 39 2
81 99 0 60 1 1 10 1 1 1 34 3 1 100 36 1
82 99 0 41 1 1 10 1 1 1 34 1 1 100 34 1
83 99 0 71 1 1 12 1 1 1 34 1 1 100 34 1
84 99 0 75 1 1 11 1 1 1 34 1 1 100 34 1
85 99 0 73 1 1 13 1 1 1 34 2 1 100 39 1
86 99 0 57 1 1 11 1 1 1 34 2 1 100 36 1
87 99 0 36 1 1 16 2 1 1 36 1 1 2 38 2
88 99 0 45 1 1 16 2 1 1 36 1 1 100 36 2
89 99 0 31 1 1 14 1 1 1 35 1 1 2 38 1
90 99 0 34 1 1 11 1 1 1 34 3 1 100 38 1
91 99 0 35 1 1 10 1 1 1 34 2 1 100 40 1
92 99 0 59 1 1 9 1 1 1 33 1 99 100 40 1
93 99 0 44 1 1 10 1 1 1 34 1 1 2 39 1
94 99 0 49 1 1 11 1 1 1 34 1 1 100 39 1
95 99 0 42 1 1 10 1 1 1 34 2 1 100 38 1
96 99 0 34 1 1 13 4 1 1 34 4 1 6 36 4
97 99 0 76 1 1 13 4 1 1 35 1 1 2 41 4
98 99 0 58 1 1 17 1 1 1 35 1 1 2 38 1
99 99 0 33 1 1 12 1 1 1 35 1 1 100 36 1
100 99 0 61 1 1 12 1 1 1 34 1 1 2 40 1
