1 99 24 28 1 1 23 2 1 1 37 1 1 100 34 2
2 99 0 22 1 1 24 3 1 1 38 1 1 2 35 3
3 99 0 29 1 1 23 5 1 1 38 1 1 2 36 5
4 99 0 29 1 1 24 4 1 1 38 2 2 100 34 4
5 99 0 22 1 1 25 7 1 1 38 1 1 2 31 7
6 99 0 74 1 1 24 1 1 1 38 1 1 2 36 1
7 99 23 28 1 1 22 1 1 1 36 1 1 100 30 1
8 99 27 25 1 1 24 1 1 1 38 22 1 100 35 1
9 99 99 23 1 1 27 3 1 1 39 1 1 100 36 3
10 99 0 26 1 1 26 4 1 1 39 2 1 4 38 4
11 99 0 42 1 1 26 1 1 1 38 1 1 2 37 1
12 99 0 23 1 1 25 6 1 1 38 1 1 2 32 6
13 99 0 22 1 1 24 2 1 1 37 1 1 2 31 2
14 99 0 23 1 1 24 3 1 1 38 1 1 100 35 3
15 99 99 23 1 1 24 2 1 1 38 2 2 100 34 2
16 99 99 71 1 1 23 2 1 1 37 1 1 2 31 2
17 99 0 22 1 1 25 2 1 1 38 3 1 100 36 2
18 99 0 28 1 1 26 3 1 1 38 1 1 3 31 3
19 99 21 56 1 1 24 2 1 1 38 1 1 100 34 2
20 99 0 25 1 1 27 3 1 1 39 1 1 100 36 3
21 99 0 23 1 1 23 2 1 1 37 1 1 2 30 2
22 99 24 28 1 1 23 1 1 1 37 23 18 100 31 1
23 99 26 23 1 1 24 1 1 1 37 21 1 100 32 1
24 99 0 29 1 1 25 5 1 1 38 1 1 2 32 5
25 99 27 23 1 1 25 1 1 1 37 1 1 100 31 1
26 99 0 22 1 1 25 3 1 1 38 1 1 2 36 3
27 99 0 22 1 1 27 6 1 1 39 1 1 2 37 6
28 99 0 70 1 1 24 1 1 1 38 1 1 100 36 1
29 99 0 28 1 20 24 3 1 1 38 1 1 2 34 3
30 99 6 36 1 1 24 2 1 1 37 1 1 3 33 2
31 99 24 50 1 1 24 2 1 1 38 2 1 100 33 2
32 99 0 56 1 1 24 4 1 1 38 1 1 2 34 4
33 99 0 24 1 1 23 2 1 1 37 1 1 2 32 2
34 99 0 24 1 1 24 3 1 1 38 1 1 2 32 3
35 99 0 24 1 1 26 4 1 1 38 2 1 100 35 4
36 99 24 72 1 1 23 1 1 1 38 1 1 100 33 1
37 99 24 23 1 1 22 3 1 1 36 22 2 100 30 3
38 99 21 24 1 1 21 1 1 1 37 1 1 100 35 1
39 99 23 24 1 1 22 1 1 1 36 2 2 100 32 1
40 99 0 22 1 1 23 4 1 1 38 2 2 100 36 4
41 99 22 35 1 20 21 1 1 1 36 1 1 100 31 1
42 99 0 23 1 1 24 2 1 1 37 1 1 2 29 2
43 99 0 53 1 1 25 1 1 1 38 1 1 2 32 1
44 99 0 62 1 1 25 2 1 1 37 1 1 2 32 2
45 99 0 33 1 1 25 4 1 1 38 1 1 2 32 4
46 99 0 62 1 1 25 3 1 1 38 3 1 100 34 3
47 99 0 57 1 20 25 3 1 1 37 1 1 100 31 3
48 99 6 49 1 1 24 1 1 1 37 1 1 100 33 1
49 99 0 23 1 20 28 3 1 1 39 1 1 100 34 3
50 99 25 38 1 1 24 1 1 1 37 1 1 100 33 1
51 99 25 67 1 1 24 2 1 1 38 1 1 100 33 2
52 99 23 22 1 20 21 2 1 1 37 1 1 100 29 2
53 99 0 23 1 1 25 1 1 1 38 1 1 2 33 1
54 99 25 23 1 1 22 1 1 1 36 21 1 100 29 1
55 99 26 27 1 1 23 1 1 1 37 23 1 100 30 1
56 99 0 24 1 1 28 3 1 1 39 2 1 100 35 3
57 99 24 25 1 1 23 3 1 1 37 1 1 100 32 3
58 99 0 62 1 1 23 1 1 1 37 1 1 2 30 1
59 99 25 24 1 1 25 1 1 1 38 25 1 100 33 1
60 99 21 23 1 1 23 1 1 1 37 2 1 100 34 1
61 99 0 27 1 1 23 2 1 1 38 1 1 2 36 2
62 99 0 25 1 1 23 3 1 1 37 1 1 2 32 3
63 99 22 27 1 1 22 1 1 1 37 22 1 100 33 1
64 99 0 40 1 1 26 5 1 1 38 1 1 2 34 5
65 99 0 28 1 1 26 1 1 1 38 24 1 100 35 1
66 99 0 24 1 1 26 4 1 1 38 1 1 100 35 4
67 99 5 21 1 1 23 1 1 1 38 1 1 100 37 1
68 99 99 24 1 1 23 1 1 1 37 1 1 2 31 1
69 99 25 52 1 1 24 1 1 1 37 99 2 100 33 1
70 99 28 33 1 1 25 1 1 1 38 2 1 100 34 1
71 99 0 60 1 1 25 2 1 1 38 1 1 100 35 2
72 99 0 75 1 1 28 1 1 1 39 1 1 100 38 1
73 99 0 30 1 1 23 2 1 1 37 1 1 2 31 2
74 99 0 25 1 20 22 5 1 1 37 1 1 2 30 5
75 99 0 47 1 1 28 6 1 1 39 2 2 100 35 6
76 99 25 26 1 1 25 2 1 1 38 2 1 100 33 2
77 99 0 74 1 1 25 2 1 1 38 2 1 100 35 2
78 99 24 51 1 1 23 2 1 1 37 21 2 100 30 2
79 99 24 22 1 1 22 3 1 1 37 22 1 100 32 3
80 99 0 29 1 20 25 2 1 1 38 1 1 2 34 2
81 99 22 60 1 1 22 2 1 1 37 22 1 100 31 2
82 99 24 23 1 1 23 2 1 1 37 2 1 100 29 2
83 99 22 23 1 1 21 1 1 1 37 21 1 100 30 1
84 99 23 21 1 1 22 1 1 1 36 1 1 100 29 1
85 99 25 21 1 1 23 4 1 1 37 23 1 100 32 4
86 99 23 51 1 1 22 1 1 1 36 22 5 100 30 1
87 99 0 22 1 1 26 4 1 1 39 1 1 2 35 4
88 99 27 21 1 1 24 6 1 1 37 19 1 100 31 6
89 99 0 57 1 1 24 6 1 1 38 1 1 2 33 6
90 99 21 25 1 1 21 3 1 1 37 2 1 100 34 3
91 99 9 24 1 1 23 3 1 1 37 2 1 100 35 3
92 99 22 59 1 1 22 1 1 1 37 22 1 100 35 1
93 99 23 69 1 1 23 1 1 1 38 1 1 100 35 1
94 99 22 72 1 1 22 1 1 1 37 21 1 100 34 1
95 99 24 72 1 20 22 1 1 1 37 1 1 100 33 1
96 99 0 29 1 1 24 4 1 1 37 3 1 6 31 4
97 99 0 24 1 1 25 5 1 1 38 1 1 2 35 5
98 99 0 23 1 1 25 2 1 1 38 1 1 2 33 2
99 99 24 24 1 1 23 1 1 1 37 22 21 100 31 1
100 99 0 25 1 1 24 2 1 1 37 1 1 100 33 2
