1 99 24 28 1 1 23 2 1 1 37 1 1 100 35 2
2 99 0 26 1 1 24 3 1 1 38 1 1 2 35 3
3 99 0 29 1 1 23 3 1 1 38 1 1 2 36 3
4 99 0 29 1 1 22 3 1 1 37 2 1 100 36 3
5 99 0 60 1 1 25 5 1 1 38 1 1 2 33 5
6 99 0 74 1 1 24 1 1 1 38 1 1 2 38 1
7 99 4 28 1 1 21 1 1 1 36 1 1 100 31 1
8 99 0 25 1 1 23 1 1 1 37 1 1 100 36 1
9 99 0 40 1 1 26 3 1 1 39 1 1 100 37 3
10 99 0 26 1 1 26 3 1 1 38 2 1 4 39 3
11 99 0 42 1 1 25 1 1 1 38 1 1 2 39 1
12 99 0 73 1 1 25 5 1 1 38 1 1 2 33 5
13 99 0 28 1 1 24 1 1 1 37 1 1 2 33 1
14 99 0 29 1 1 24 3 1 1 37 1 1 4 36 3
15 99 0 46 1 1 24 2 1 1 37 2 1 100 35 2
16 99 0 71 1 1 23 1 1 1 37 1 1 2 33 1
17 99 0 26 1 1 24 2 1 1 38 3 1 100 36 2
18 99 0 28 1 1 26 2 1 1 38 1 1 3 31 2
19 99 9 56 1 1 23 1 1 1 37 1 1 100 35 1
20 99 0 25 1 1 27 2 1 1 39 1 1 2 37 2
21 99 0 32 1 1 23 2 1 1 37 1 1 2 31 2
22 99 0 28 1 1 23 1 1 1 37 97 1 100 32 1
23 99 0 23 1 1 24 1 1 1 37 1 1 100 33 1
24 99 0 29 1 1 25 3 1 1 38 1 1 2 33 3
25 99 27 28 1 1 25 1 1 1 37 1 1 100 32 1
26 99 0 52 1 1 25 3 1 1 37 1 1 2 39 3
27 99 0 24 1 1 27 6 1 1 39 1 1 2 38 6
28 99 0 26 1 1 23 1 1 1 38 1 1 100 36 1
29 99 0 28 1 1 24 3 1 1 37 1 1 2 36 3
30 99 6 36 1 1 23 2 1 1 37 1 1 3 34 2
31 99 99 50 1 1 24 2 1 1 38 2 1 100 34 2
32 99 0 47 1 1 23 3 1 1 37 1 1 2 35 3
33 99 0 24 1 1 23 2 1 1 37 1 1 2 35 2
34 99 0 24 1 1 24 3 1 1 37 1 1 3 33 3
35 99 0 35 1 1 25 2 1 1 38 2 1 100 38 2
36 99 0 72 1 1 23 1 1 1 38 1 1 100 35 1
37 99 24 25 1 1 22 3 1 1 36 3 1 100 31 3
38 99 0 24 1 1 21 1 1 1 37 1 1 100 36 1
39 99 21 67 1 1 21 1 1 1 36 2 1 100 33 1
40 99 0 71 1 1 21 2 1 1 37 2 2 100 37 2
41 99 7 35 1 1 20 1 1 1 36 1 1 100 32 1
42 99 0 26 1 1 24 2 1 1 37 1 1 2 31 2
43 99 0 53 1 1 24 1 1 1 38 1 1 2 33 1
44 99 0 62 1 1 25 2 1 1 37 1 1 3 33 2
45 99 0 33 1 1 25 4 1 1 38 1 1 2 34 4
46 99 0 62 1 1 24 3 1 1 37 3 1 100 36 3
47 99 0 57 1 1 24 2 1 1 37 1 1 100 33 2
48 99 7 49 1 1 23 2 1 1 37 1 1 100 34 2
49 99 1 45 1 1 28 3 1 1 38 1 1 100 35 3
50 99 0 38 1 1 24 1 1 1 37 1 1 100 33 1
51 99 99 67 1 1 23 1 1 1 37 1 1 100 35 1
52 99 0 30 1 1 21 2 1 1 36 1 1 100 30 2
53 99 0 23 1 1 24 1 1 1 38 1 1 2 33 1
54 99 26 35 1 1 22 1 1 1 36 22 1 100 31 1
55 99 26 27 1 1 23 1 1 1 36 4 1 100 31 1
56 99 0 24 1 1 26 3 1 1 38 3 1 100 36 3
57 99 24 25 1 1 23 2 1 1 36 1 1 100 33 2
58 99 0 62 1 1 23 1 1 1 36 1 1 2 31 1
59 99 9 24 1 1 25 1 1 1 37 25 1 100 34 1
60 99 11 58 1 1 21 1 1 1 37 2 1 100 35 1
61 99 0 27 1 1 22 2 1 1 37 1 1 2 37 2
62 99 0 25 1 1 23 1 1 1 37 1 1 2 33 1
63 99 12 27 1 1 22 1 1 1 37 12 1 100 34 1
64 99 0 40 1 1 25 5 1 1 38 1 1 2 37 5
65 99 0 28 1 1 25 1 1 1 38 99 1 100 37 1
66 99 0 24 1 1 26 4 1 1 38 1 1 100 36 4
67 99 5 33 1 1 22 1 1 1 37 1 1 100 37 1
68 99 2 24 1 1 23 1 1 1 37 1 1 2 32 1
69 99 4 52 1 1 24 1 1 1 37 99 2 100 33 1
70 99 26 63 1 1 24 1 1 1 38 21 1 100 35 1
71 99 0 28 1 1 25 2 1 1 38 1 1 100 36 2
72 99 0 26 1 1 26 1 1 1 38 2 1 100 39 1
73 99 0 30 1 1 23 2 1 1 36 1 1 2 32 2
74 99 0 25 1 1 22 4 1 1 36 1 1 2 31 4
75 99 0 47 1 1 28 4 1 1 39 4 1 100 35 4
76 99 25 26 1 1 23 1 1 1 37 2 1 100 33 1
77 99 0 74 1 1 25 2 1 1 38 2 1 100 37 2
78 99 24 51 1 1 22 1 1 1 37 2 2 100 30 1
79 99 24 62 1 1 22 1 1 1 37 1 1 100 32 1
80 99 0 29 1 1 25 1 1 1 38 1 1 2 35 1
81 99 22 60 1 1 22 1 1 1 36 2 1 100 32 1
82 99 99 26 1 1 22 2 1 1 37 2 1 100 31 2
83 99 23 39 1 1 21 1 1 1 37 21 1 100 32 1
84 99 23 75 1 1 22 1 1 1 36 1 1 100 31 1
85 99 25 23 1 1 23 2 1 1 37 2 1 100 33 2
86 99 23 51 1 1 22 1 1 1 36 22 4 100 32 1
87 99 0 22 1 1 25 2 1 1 39 1 1 2 36 2
88 99 27 24 1 1 24 4 1 1 37 19 1 100 32 4
89 99 0 25 1 1 23 5 1 1 38 1 1 2 34 5
90 99 8 25 1 1 20 2 1 1 37 2 1 100 35 2
91 99 0 24 1 1 22 2 1 1 37 2 1 100 36 2
92 99 10 59 1 1 21 1 1 1 37 1 1 100 36 1
93 99 0 69 1 1 23 1 1 1 37 1 1 100 36 1
94 99 22 72 1 1 21 1 1 1 36 22 1 100 35 1
95 99 7 24 1 1 22 1 1 1 37 1 1 100 34 1
96 99 0 29 1 1 24 4 1 1 37 1 1 6 32 4
97 99 0 24 1 1 24 4 1 1 38 1 1 2 37 4
98 99 0 23 1 1 25 2 1 1 38 1 1 2 33 2
99 99 24 24 1 1 23 1 1 1 37 21 1 100 32 1
100 99 0 61 1 1 24 2 1 1 37 1 1 3 35 2
