1 99 8 51 5 5 10 7 1 1 33 8 1 17 34 7
2 99 0 59 5 5 12 7 1 1 35 1 1 2 37 7
3 99 0 58 5 5 16 7 1 1 36 1 1 2 38 7
4 99 7 43 5 5 12 7 1 1 34 7 2 22 35 7
5 99 0 62 5 5 13 10 1 1 34 3 1 6 35 10
6 99 0 56 5 5 9 6 1 1 33 1 1 3 34 6
7 99 5 69 5 5 10 5 1 1 33 5 1 18 30 5
8 99 5 56 5 5 10 5 1 1 33 5 2 13 36 5
9 99 9 39 5 5 11 7 1 1 34 8 1 23 37 7
10 99 7 70 5 5 10 6 1 1 33 6 1 18 29 6
11 99 0 69 5 5 15 8 1 1 36 2 1 4 40 8
12 99 0 40 5 5 13 9 1 1 34 2 2 4 35 9
13 99 8 71 5 5 10 6 1 1 33 1 1 18 30 6
14 99 0 48 5 5 11 7 1 1 33 1 1 17 30 7
15 99 0 46 5 5 14 9 1 1 35 2 1 19 34 9
16 99 6 62 5 5 11 6 1 1 33 6 1 18 32 6
17 99 7 35 5 5 10 7 1 1 33 7 1 18 32 7
18 99 9 32 5 5 14 7 1 1 34 7 1 24 35 7
19 99 0 60 5 5 12 7 1 1 34 1 1 2 34 7
20 99 7 54 5 5 10 5 1 1 33 7 1 16 36 5
21 99 0 50 5 5 12 6 1 1 34 1 1 18 35 6
22 99 0 28 5 5 11 6 1 1 32 1 1 2 28 6
23 99 7 54 5 5 9 5 1 1 33 5 1 15 30 5
24 99 7 47 5 5 10 5 1 1 33 6 1 15 35 5
25 99 6 34 5 5 11 5 1 1 33 5 1 17 32 5
26 99 0 71 5 5 12 7 1 1 34 1 1 3 34 7
27 99 0 52 5 5 12 8 1 1 34 1 1 2 33 8
28 99 0 71 5 5 16 5 1 1 35 9 1 100 39 5
29 99 0 65 5 5 13 9 1 1 34 1 1 2 33 9
30 99 8 62 5 5 11 7 1 1 33 7 1 18 32 7
31 99 0 26 5 5 12 8 1 1 33 1 1 2 35 8
32 99 5 28 5 5 11 5 1 1 33 5 1 16 36 5
33 99 6 31 5 5 10 5 1 1 33 6 1 15 32 5
34 99 0 54 5 5 10 8 1 1 33 1 1 2 37 8
35 99 0 77 5 5 11 6 1 1 33 2 1 3 33 6
36 99 0 28 5 5 10 7 1 1 33 7 1 19 30 7
37 99 0 69 5 5 14 6 1 1 35 9 1 100 37 6
38 99 7 76 5 5 9 6 1 1 33 7 2 16 32 6
39 99 6 70 5 5 10 5 1 1 32 6 1 17 32 5
40 99 6 30 5 5 10 5 1 1 33 6 1 16 32 5
41 99 5 66 5 5 9 5 1 1 32 5 1 12 31 5
42 99 0 65 5 5 15 8 1 1 35 1 1 14 38 8
43 99 5 49 5 5 8 5 1 1 33 5 1 13 32 5
44 99 5 67 5 5 8 5 1 1 31 5 1 13 27 5
45 99 0 35 5 5 14 6 1 1 34 1 1 2 31 6
46 99 0 76 5 5 11 7 1 1 33 1 1 17 32 7
47 99 9 29 5 5 11 7 1 1 33 1 1 2 32 7
48 99 0 71 5 5 14 9 1 1 35 1 1 2 38 9
49 99 6 48 5 5 12 6 1 1 34 6 1 15 32 6
50 99 6 31 5 5 10 5 1 1 33 1 1 3 31 5
51 99 7 43 5 5 11 7 1 1 33 7 1 17 35 7
52 99 0 26 5 5 12 8 1 1 34 1 1 22 33 8
53 99 8 33 5 5 11 6 1 1 33 6 1 20 33 6
54 99 5 74 5 5 10 5 1 1 33 5 3 16 32 5
55 99 6 69 5 5 7 6 1 1 32 6 1 12 27 6
56 99 0 31 5 5 12 6 1 1 33 1 1 16 34 6
57 99 6 53 5 5 7 5 1 1 32 6 1 12 31 5
58 99 6 58 5 5 9 5 1 1 32 6 2 17 28 5
59 99 0 36 5 5 13 8 1 1 34 8 1 23 31 8
60 99 6 29 5 5 10 6 1 1 33 1 1 2 33 6
61 99 0 28 5 5 8 6 1 1 32 1 1 2 33 6
62 99 7 35 5 5 9 5 1 1 32 7 1 16 29 5
63 99 9 60 5 5 11 6 1 1 33 6 1 16 31 6
64 99 5 51 5 5 11 5 1 1 33 5 1 13 33 5
65 99 0 54 5 5 13 8 1 1 34 2 1 4 35 8
66 99 5 68 5 5 11 5 1 1 33 5 1 15 32 5
67 99 0 55 5 5 12 8 1 1 34 1 1 2 34 8
68 99 7 53 5 5 11 7 1 1 33 7 1 17 34 7
69 99 7 28 5 5 15 6 1 1 35 7 2 100 37 6
70 99 6 59 5 5 16 6 1 1 35 6 1 100 35 6
71 99 7 33 5 5 14 6 1 1 34 6 1 100 35 6
72 99 6 29 5 5 10 5 1 1 33 5 1 14 30 5
73 99 5 48 5 5 11 4 1 1 33 5 1 14 33 4
74 99 7 36 5 5 12 6 1 1 33 6 1 18 35 6
75 99 0 35 5 5 13 6 1 1 34 1 1 26 36 6
76 99 0 49 5 5 14 7 1 1 34 7 1 100 38 7
77 99 0 67 5 5 9 7 1 1 32 1 1 2 30 7
78 99 10 31 5 5 9 7 1 1 32 7 1 16 31 7
79 99 0 65 5 5 15 8 1 1 35 1 1 23 34 8
80 99 8 50 5 5 12 7 1 1 34 7 1 20 33 7
81 99 6 66 5 5 11 5 1 1 34 1 1 2 33 5
82 99 8 34 5 5 12 7 1 1 34 2 2 16 32 7
83 99 8 43 5 5 11 5 1 1 33 5 1 19 32 5
84 99 0 74 5 5 11 7 1 1 34 1 1 2 34 7
85 99 8 39 5 5 12 6 1 1 33 6 1 19 30 6
86 99 6 67 5 5 8 5 1 1 32 5 1 13 28 5
87 99 6 29 5 5 12 5 1 1 33 6 1 24 30 5
88 99 7 40 5 5 9 6 1 1 33 7 1 15 30 6
89 99 5 70 5 5 8 5 1 1 32 5 1 11 30 5
90 99 7 67 5 5 11 5 1 1 33 5 2 17 33 5
91 99 7 63 5 5 9 5 1 1 32 7 1 15 30 5
92 99 0 27 5 5 13 7 1 1 34 1 1 2 33 7
93 99 6 56 5 5 12 6 1 1 34 6 1 13 33 6
94 99 0 59 5 5 12 6 1 1 34 1 1 2 35 6
95 99 5 35 5 5 10 5 1 1 34 5 1 100 35 5
96 99 7 60 5 5 11 5 1 1 34 1 1 19 33 5
97 99 6 48 5 5 10 5 1 1 33 5 1 13 33 5
98 99 7 40 5 5 11 6 1 1 34 6 1 16 35 6
99 99 6 37 5 5 10 5 1 1 33 5 2 16 34 5
100 99 6 34 5 5 8 5 1 1 32 5 1 13 33 5
