1 99 20 28 1 1 20 1 1 1 34 20 2 100 33 1
2 99 20 27 1 1 20 1 1 1 34 20 17 100 34 1
3 99 20 64 1 1 20 1 1 1 34 20 18 100 34 1
4 99 20 74 1 1 20 1 1 1 34 20 18 100 34 1
5 99 20 27 1 1 20 1 1 1 33 20 15 100 32 1
6 99 21 31 1 1 20 1 1 1 34 20 1 100 33 1
7 99 21 61 1 1 20 1 1 1 34 20 19 100 33 1
8 99 21 75 1 1 20 1 1 1 34 20 1 100 33 1
9 99 21 27 1 1 20 1 1 1 34 20 1 100 34 1
10 99 21 73 1 1 20 1 1 1 34 20 19 100 32 1
11 99 20 65 1 1 20 1 1 1 34 20 15 100 34 1
12 99 22 39 1 1 20 1 1 1 34 20 1 100 33 1
13 99 20 41 1 1 20 1 1 1 34 20 16 100 32 1
14 99 20 39 1 1 20 1 1 1 34 20 1 100 35 1
15 99 21 62 1 1 20 1 1 1 34 20 17 100 33 1
16 99 20 68 1 1 20 1 1 1 34 20 1 100 34 1
17 99 21 29 1 1 20 1 1 1 34 20 1 100 34 1
18 99 20 70 1 1 20 1 1 1 34 20 1 100 33 1
19 99 20 71 1 1 20 1 1 1 34 20 1 100 35 1
20 99 20 53 1 1 20 1 1 1 34 20 19 100 32 1
21 99 21 27 1 1 20 1 1 1 34 20 18 100 34 1
22 99 20 72 1 1 20 1 1 1 34 20 1 100 34 1
23 99 20 56 1 1 20 1 1 1 34 20 1 100 33 1
24 99 20 39 1 1 20 1 1 1 34 20 3 100 34 1
25 99 20 68 1 1 20 1 1 1 34 20 1 100 34 1
26 99 21 37 1 1 20 1 1 1 34 20 1 100 34 1
27 99 21 33 1 1 20 1 1 1 34 20 1 100 33 1
28 99 20 27 1 1 20 1 1 1 34 20 1 100 34 1
29 99 20 29 1 1 20 1 1 1 34 20 20 100 33 1
30 99 20 65 1 1 20 1 1 1 34 20 18 100 33 1
31 99 20 62 1 1 20 1 1 1 34 20 20 100 33 1
32 99 21 36 1 1 20 1 1 1 34 20 16 100 35 1
33 99 20 70 1 1 20 1 1 1 34 20 5 100 34 1
34 99 20 65 1 1 20 1 1 1 34 20 20 100 34 1
35 99 20 52 1 1 20 1 1 1 34 20 3 100 35 1
36 99 20 47 1 1 20 1 1 1 34 20 1 100 34 1
37 99 21 41 1 1 20 1 1 1 34 20 15 100 33 1
38 99 20 27 1 1 20 1 1 1 34 20 2 100 33 1
39 99 21 72 1 1 20 1 1 1 34 20 2 100 33 1
40 99 21 61 1 1 20 1 1 1 34 20 1 100 33 1
41 99 20 28 1 1 20 1 1 1 34 20 1 100 33 1
42 99 21 30 1 1 20 1 1 1 34 20 20 100 32 1
43 99 20 27 1 1 20 1 1 1 34 20 1 100 33 1
44 99 21 64 1 1 20 1 1 1 34 20 1 100 35 1
45 99 21 29 1 1 20 1 1 1 34 20 1 100 34 1
46 99 20 27 1 1 20 1 1 1 34 20 1 100 32 1
47 99 20 31 1 1 20 1 1 1 34 20 1 100 35 1
48 99 20 30 1 1 20 1 1 1 34 20 1 100 33 1
49 99 20 35 1 1 20 1 1 1 34 20 1 100 34 1
50 99 21 30 1 1 20 1 1 1 34 20 1 100 34 1
51 99 22 41 1 1 20 1 1 1 34 20 1 100 34 1
52 99 22 72 1 1 20 1 1 1 34 20 18 100 33 1
53 99 20 55 1 1 20 1 1 1 34 20 1 100 33 1
54 99 22 54 1 1 20 1 1 1 34 20 1 100 34 1
55 99 20 68 1 1 20 1 1 1 34 20 2 100 34 1
56 99 21 35 1 1 20 1 1 1 34 20 2 100 34 1
57 99 22 48 1 1 20 1 1 1 34 20 1 100 34 1
58 99 20 33 1 1 20 1 1 1 34 20 18 100 34 1
59 99 20 33 1 1 20 1 1 1 34 20 1 100 33 1
60 99 21 59 1 1 20 1 1 1 34 20 14 100 34 1
61 99 21 68 1 1 20 1 1 1 34 20 18 100 33 1
62 99 20 63 1 1 20 1 1 1 34 20 1 100 34 1
63 99 20 30 1 1 20 1 1 1 34 20 1 100 34 1
64 99 21 64 1 1 20 1 1 1 34 20 2 100 33 1
65 99 21 52 1 1 20 1 1 1 34 20 19 100 34 1
66 99 21 62 1 1 20 1 1 1 34 20 20 100 35 1
67 99 20 29 1 1 20 1 1 1 34 20 1 100 33 1
68 99 21 29 1 1 20 1 1 1 34 20 1 100 35 1
69 99 20 54 1 1 20 1 1 1 34 20 1 100 33 1
70 99 20 26 1 1 20 1 1 1 33 20 1 100 32 1
71 99 20 56 1 1 20 1 1 1 34 20 1 100 35 1
72 99 22 30 1 1 20 1 1 1 34 20 18 100 31 1
73 99 20 29 1 1 20 1 1 1 34 20 3 100 34 1
74 99 21 39 1 1 20 1 1 1 34 20 9 100 34 1
75 99 21 27 1 1 20 1 1 1 34 20 17 100 32 1
76 99 21 29 1 1 20 1 1 1 33 20 1 100 33 1
77 99 20 34 1 1 20 1 1 1 34 20 1 100 34 1
78 99 21 27 1 1 20 1 1 1 34 20 1 100 35 1
79 99 20 49 1 1 20 1 1 1 34 20 18 100 35 1
80 99 20 57 1 1 20 1 1 1 34 20 1 100 35 1
81 99 20 27 1 1 20 1 1 1 34 20 7 100 34 1
82 99 22 27 1 1 20 1 1 1 34 20 2 100 34 1
83 99 20 52 1 1 20 1 1 1 34 20 1 100 32 1
84 99 20 54 1 1 20 1 1 1 34 20 1 100 35 1
85 99 21 28 1 1 20 1 1 1 34 20 1 100 33 1
86 99 21 29 1 1 20 1 1 1 34 20 18 100 33 1
87 99 21 55 1 1 20 1 1 1 34 20 1 100 34 1
88 99 20 53 1 1 20 1 1 1 34 20 1 100 33 1
89 99 20 43 1 1 20 1 1 1 34 20 1 100 35 1
90 99 20 70 1 1 20 1 1 1 34 20 19 100 34 1
91 99 20 28 1 1 20 1 1 1 34 20 1 100 35 1
92 99 20 28 1 1 20 1 1 1 34 20 1 100 33 1
93 99 21 73 1 1 20 1 1 1 34 20 1 100 33 1
94 99 22 53 1 1 20 1 1 1 34 20 18 100 34 1
95 99 20 58 1 1 20 1 1 1 34 20 7 100 35 1
96 99 20 27 1 1 20 1 1 1 34 20 1 100 33 1
97 99 20 27 1 1 20 1 1 1 34 20 19 100 34 1
98 99 22 53 1 1 20 1 1 1 34 20 20 100 34 1
99 99 24 54 1 1 20 1 1 1 34 20 2 100 32 1
100 99 20 55 1 1 20 1 1 1 34 20 1 100 32 1
