1 99 5 5 5 5 5 5 1 1 29 5 5 10 10 5
2 99 5 5 5 5 5 5 1 1 29 5 5 10 7 5
3 99 5 5 5 5 5 5 1 1 29 5 5 10 8 5
4 99 5 5 5 5 5 5 1 1 29 5 5 10 9 5
5 99 5 5 5 5 5 5 1 1 29 5 5 10 10 5
6 99 5 5 5 5 5 5 1 1 29 5 5 10 9 5
7 99 5 5 5 5 5 5 1 1 28 5 5 10 8 5
8 99 5 5 5 5 5 5 1 1 29 5 5 10 9 5
9 99 5 5 5 5 5 5 1 1 29 5 5 10 8 5
10 99 5 5 5 5 5 5 1 1 29 5 5 10 8 5
11 99 5 5 5 5 5 5 1 1 29 5 5 10 10 5
12 99 5 5 5 5 5 5 1 1 29 5 5 10 9 5
13 99 5 5 5 5 5 5 1 1 29 5 5 10 9 5
14 99 5 5 5 5 5 5 1 1 28 5 5 10 7 5
15 99 5 5 5 5 5 5 1 1 29 5 5 10 7 5
16 99 5 5 5 5 5 5 1 1 29 5 5 10 10 5
17 99 5 5 5 5 5 5 1 1 29 5 5 10 10 5
18 99 5 5 5 5 5 5 1 1 29 5 5 10 8 5
19 99 5 5 5 5 5 5 1 1 28 5 5 10 7 5
20 99 5 5 5 5 5 5 1 1 29 5 5 10 9 5
21 99 5 5 5 5 5 5 1 1 29 5 5 10 10 5
22 99 5 5 5 5 5 5 1 1 28 5 5 10 8 5
23 99 5 5 5 5 5 5 1 1 29 5 5 10 10 5
24 99 5 5 5 5 5 5 1 1 29 5 5 10 8 5
25 99 5 5 5 5 5 5 1 1 29 5 5 10 9 5
26 99 5 5 5 5 5 5 1 1 29 5 5 10 8 5
27 99 5 5 5 5 5 5 1 1 29 5 5 10 9 5
28 99 5 5 5 5 5 5 1 1 29 5 5 10 9 5
29 99 5 5 5 5 5 5 1 1 29 5 5 10 9 5
30 99 5 5 5 5 5 5 1 1 29 5 5 10 11 5
31 99 5 5 5 5 5 5 1 1 29 5 5 10 10 5
32 99 5 5 5 5 5 5 1 1 28 5 5 10 8 5
33 99 5 5 5 5 5 5 1 1 28 5 5 10 8 5
34 99 5 5 5 5 5 5 1 1 29 5 5 10 9 5
35 99 5 5 5 5 5 5 1 1 29 5 5 10 8 5
36 99 5 5 5 5 5 5 1 1 28 5 5 10 6 5
37 99 5 5 5 5 5 5 1 1 29 5 5 10 10 5
38 99 5 5 5 5 5 5 1 1 29 5 5 10 7 5
39 99 5 5 5 5 5 5 1 1 29 5 5 10 9 5
40 99 5 5 5 5 5 5 1 1 28 5 5 10 9 5
41 99 5 5 5 5 5 5 1 1 29 5 5 10 9 5
42 99 5 5 5 5 5 5 1 1 29 5 5 10 8 5
43 99 5 5 5 5 5 5 1 1 29 5 5 10 8 5
44 99 5 5 5 5 5 5 1 1 29 5 5 10 7 5
45 99 5 5 5 5 5 5 1 1 29 5 5 10 9 5
46 99 5 5 5 5 5 5 1 1 29 5 5 10 9 5
47 99 5 5 5 5 5 5 1 1 29 5 5 10 9 5
48 99 5 5 5 5 5 5 1 1 29 5 5 10 9 5
49 99 5 5 5 5 5 5 1 1 29 5 5 10 9 5
50 99 5 5 5 5 5 5 1 1 29 5 5 10 8 5
51 99 5 5 5 5 5 5 1 1 29 5 5 10 9 5
52 99 5 5 5 5 5 5 1 1 29 5 5 10 8 5
53 99 5 5 5 5 5 5 1 1 29 5 5 10 9 5
54 99 5 5 5 5 5 5 1 1 29 5 5 10 8 5
55 99 5 5 5 5 5 5 1 1 29 5 5 10 10 5
56 99 5 5 5 5 5 5 1 1 28 5 5 10 8 5
57 99 5 5 5 5 5 5 1 1 29 5 5 10 9 5
58 99 5 5 5 5 5 5 1 1 29 5 5 10 8 5
59 99 5 5 5 5 5 5 1 1 29 5 5 10 7 5
60 99 5 5 5 5 5 5 1 1 29 5 5 10 9 5
61 99 5 5 5 5 5 5 1 1 29 5 5 10 8 5
62 99 5 5 5 5 5 5 1 1 29 5 5 10 7 5
63 99 5 5 5 5 5 5 1 1 28 5 5 10 9 5
64 99 5 5 5 5 5 5 1 1 29 5 5 10 7 5
65 99 5 5 5 5 5 5 1 1 29 5 5 10 10 5
66 99 5 5 5 5 5 5 1 1 29 5 5 10 10 5
67 99 5 5 5 5 5 5 1 1 29 5 5 10 10 5
68 99 5 5 5 5 5 5 1 1 29 5 5 10 9 5
69 99 5 5 5 5 5 5 1 1 29 5 5 10 8 5
70 99 5 5 5 5 5 5 1 1 29 5 5 10 10 5
71 99 5 5 5 5 5 5 1 1 29 5 5 10 8 5
72 99 5 5 5 5 5 5 1 1 29 5 5 10 9 5
73 99 5 5 5 5 5 5 1 1 29 5 5 10 8 5
74 99 5 5 5 5 5 5 1 1 29 5 5 10 8 5
75 99 5 5 5 5 5 5 1 1 29 5 5 10 7 5
76 99 5 5 5 5 5 5 1 1 29 5 5 10 10 5
77 99 5 5 5 5 5 5 1 1 29 5 5 10 9 5
78 99 5 5 5 5 5 5 1 1 29 5 5 10 9 5
79 99 5 5 5 5 5 5 1 1 29 5 5 10 8 5
80 99 5 5 5 5 5 5 1 1 28 5 5 10 7 5
81 99 5 5 5 5 5 5 1 1 29 5 5 10 6 5
82 99 5 5 5 5 5 5 1 1 29 5 5 10 8 5
83 99 5 5 5 5 5 5 1 1 29 5 5 10 9 5
84 99 5 5 5 5 5 5 1 1 29 5 5 10 9 5
85 99 5 5 5 5 5 5 1 1 28 5 5 10 6 5
86 99 5 5 5 5 5 5 1 1 29 5 5 10 8 5
87 99 5 5 5 5 5 5 1 1 29 5 5 10 8 5
88 99 5 5 5 5 5 5 1 1 29 5 5 10 8 5
89 99 5 5 5 5 5 5 1 1 29 5 5 10 9 5
90 99 5 5 5 5 5 5 1 1 29 5 5 10 8 5
91 99 5 5 5 5 5 5 1 1 29 5 5 10 8 5
92 99 5 5 5 5 5 5 1 1 29 5 5 10 9 5
93 99 5 5 5 5 5 5 1 1 29 5 5 10 9 5
94 99 5 5 5 5 5 5 1 1 29 5 5 10 9 5
95 99 5 5 5 5 5 5 1 1 28 5 5 10 8 5
96 99 5 5 5 5 5 5 1 1 29 5 5 10 8 5
97 99 5 5 5 5 5 5 1 1 29 5 5 10 8 5
98 99 5 5 5 5 5 5 1 1 28 5 5 10 8 5
99 99 5 5 5 5 5 5 1 1 29 5 5 10 10 5
100 99 5 5 5 5 5 5 1 1 29 5 5 10 9 5
