1 99 20 20 20 20 20 20 1 1 35 20 20 45 20 10
2 99 20 20 20 20 20 20 1 1 35 20 20 46 20 10
3 99 20 20 20 20 20 20 1 1 34 20 20 46 20 10
4 99 20 20 20 20 20 20 1 1 34 20 20 46 20 10
5 99 20 20 20 20 20 20 1 1 34 20 20 44 20 10
6 99 20 20 20 20 20 20 1 1 35 20 20 46 20 10
7 99 20 20 20 20 20 20 1 1 34 20 20 46 20 10
8 99 20 20 20 20 20 20 1 1 35 20 20 45 20 10
9 99 20 20 20 20 20 20 1 1 34 20 20 45 20 10
10 99 20 20 20 20 20 20 1 1 34 20 20 46 20 10
11 99 20 20 20 20 20 20 1 1 35 20 20 45 20 10
12 99 20 20 20 20 20 20 1 1 35 20 20 45 20 10
13 99 20 20 20 20 20 20 1 1 34 20 20 46 20 10
14 99 20 20 20 20 20 20 1 1 35 20 20 45 20 10
15 99 20 20 20 20 20 20 1 1 35 20 20 46 20 10
16 99 20 20 20 20 20 20 1 1 35 20 20 46 20 10
17 99 20 20 20 20 20 20 1 1 34 20 20 45 20 10
18 99 20 20 20 20 20 20 1 1 35 20 20 45 20 10
19 99 20 20 20 20 20 20 1 1 35 20 20 46 20 10
20 99 20 20 20 20 20 20 1 1 34 20 20 46 20 10
21 99 20 20 20 20 20 20 1 1 35 20 20 46 20 10
22 99 20 20 20 20 20 20 1 1 35 20 20 46 20 10
23 99 20 20 20 20 20 20 1 1 34 20 20 46 20 10
24 99 20 20 20 20 20 20 1 1 35 20 20 46 20 10
25 99 20 20 20 20 20 20 1 1 34 20 20 45 20 10
26 99 20 20 20 20 20 20 1 1 35 20 20 46 20 10
27 99 20 20 20 20 20 20 1 1 35 20 20 47 20 10
28 99 20 20 20 20 20 20 1 1 34 20 20 45 20 10
29 99 20 20 20 20 20 20 1 1 34 20 20 45 20 10
30 99 20 20 20 20 20 20 1 1 35 20 20 46 20 10
31 99 20 20 20 20 20 20 1 1 35 20 20 46 20 10
32 99 20 20 20 20 20 20 1 1 35 20 20 46 20 10
33 99 20 20 20 20 20 20 1 1 35 20 20 46 20 10
34 99 20 20 20 20 20 20 1 1 35 20 20 46 20 10
35 99 20 20 20 20 20 20 1 1 34 20 20 45 20 10
36 99 20 20 20 20 20 20 1 1 35 20 20 46 20 10
37 99 20 20 20 20 20 20 1 1 34 20 20 46 20 10
38 99 20 20 20 20 20 20 1 1 35 20 20 45 20 10
39 99 20 20 20 20 20 20 1 1 35 20 20 46 20 10
40 99 20 20 20 20 20 20 1 1 35 20 20 45 20 10
41 99 20 20 20 20 20 20 1 1 34 20 20 45 20 10
42 99 20 20 20 20 20 20 1 1 35 20 20 46 20 10
43 99 20 20 20 20 20 20 1 1 35 20 20 44 20 10
44 99 20 20 20 20 20 20 1 1 34 20 20 45 20 10
45 99 20 20 20 20 20 20 1 1 34 20 20 45 20 10
46 99 20 20 20 20 20 20 1 1 35 20 20 45 20 10
47 99 20 20 20 20 20 20 1 1 35 20 20 46 20 10
48 99 20 20 20 20 20 20 1 1 35 20 20 46 20 10
49 99 20 20 20 20 20 20 1 1 35 20 20 45 20 10
50 99 20 20 20 20 20 20 1 1 35 20 20 46 20 10
51 99 20 20 20 20 20 20 1 1 35 20 20 47 20 10
52 99 20 20 20 20 20 20 1 1 35 20 20 46 20 10
53 99 20 20 20 20 20 20 1 1 35 20 20 45 20 10
54 99 20 20 20 20 20 20 1 1 35 20 20 46 20 10
55 99 20 20 20 20 20 20 1 1 35 20 20 45 20 10
56 99 20 20 20 20 20 20 1 1 35 20 20 46 20 10
57 99 20 20 20 20 20 20 1 1 35 20 20 46 20 10
58 99 20 20 20 20 20 20 1 1 35 20 20 46 20 10
59 99 20 20 20 20 20 20 1 1 35 20 20 45 20 10
60 99 20 20 20 20 20 20 1 1 35 20 20 46 20 10
61 99 20 20 20 20 20 20 1 1 34 20 20 46 20 10
62 99 20 20 20 20 20 20 1 1 35 20 20 46 20 10
63 99 20 20 20 20 20 20 1 1 35 20 20 45 20 10
64 99 20 20 20 20 20 20 1 1 34 20 20 45 20 10
65 99 20 20 20 20 20 20 1 1 35 20 20 46 20 10
66 99 20 20 20 20 20 20 1 1 35 20 20 47 20 10
67 99 20 20 20 20 20 20 1 1 35 20 20 46 20 10
68 99 20 20 20 20 20 20 1 1 35 20 20 46 20 10
69 99 20 20 20 20 20 20 1 1 34 20 20 46 20 10
70 99 20 20 20 20 20 20 1 1 34 20 20 45 20 10
71 99 20 20 20 20 20 20 1 1 35 20 20 46 20 10
72 99 20 20 20 20 20 20 1 1 34 20 20 45 20 10
73 99 20 20 20 20 20 20 1 1 35 20 20 45 20 10
74 99 20 20 20 20 20 20 1 1 35 20 20 46 20 10
75 99 20 20 20 20 20 20 1 1 35 20 20 46 20 10
76 99 20 20 20 20 20 20 1 1 34 20 20 45 20 10
77 99 20 20 20 20 20 20 1 1 35 20 20 47 20 10
78 99 20 20 20 20 20 20 1 1 35 20 20 46 20 10
79 99 20 20 20 20 20 20 1 1 35 20 20 45 20 10
80 99 20 20 20 20 20 20 1 1 35 20 20 46 20 10
81 99 20 20 20 20 20 20 1 1 35 20 20 45 20 10
82 99 20 20 20 20 20 20 1 1 35 20 20 46 20 10
83 99 20 20 20 20 20 20 1 1 34 20 20 45 20 10
84 99 20 20 20 20 20 20 1 1 35 20 20 45 20 10
85 99 20 20 20 20 20 20 1 1 35 20 20 45 20 10
86 99 20 20 20 20 20 20 1 1 35 20 20 45 20 10
87 99 20 20 20 20 20 20 1 1 34 20 20 45 20 10
88 99 20 20 20 20 20 20 1 1 34 20 20 45 20 10
89 99 20 20 20 20 20 20 1 1 34 20 20 45 20 10
90 99 20 20 20 20 20 20 1 1 34 20 20 46 20 10
91 99 20 20 20 20 20 20 1 1 35 20 20 46 20 10
92 99 20 20 20 20 20 20 1 1 35 20 20 45 20 10
93 99 20 20 20 20 20 20 1 1 34 20 20 45 20 10
94 99 20 20 20 20 20 20 1 1 35 20 20 46 20 10
95 99 20 20 20 20 20 20 1 1 35 20 20 46 20 10
96 99 20 20 20 20 20 20 1 1 34 20 20 45 20 10
97 99 20 20 20 20 20 20 1 1 35 20 20 46 20 10
98 99 20 20 20 20 20 20 1 1 34 20 20 46 20 10
99 99 20 20 20 20 20 20 1 1 34 20 20 45 20 10
100 99 20 20 20 20 20 20 1 1 34 20 20 45 20 10
