1 99 8 51 5 5 9 3 1 1 33 8 1 100 36 3
2 99 0 33 5 5 12 5 1 1 35 1 1 2 39 5
3 99 0 58 5 5 16 3 1 1 36 1 1 2 39 3
4 99 0 43 5 5 12 2 1 1 34 7 1 100 37 2
5 99 0 62 5 5 13 6 1 1 34 3 1 8 36 6
6 99 0 34 5 5 9 3 1 1 33 1 1 3 36 3
7 99 10 69 5 5 10 2 1 1 33 10 1 100 32 2
8 99 5 56 5 5 9 2 1 1 33 5 2 100 39 2
9 99 0 39 5 5 11 3 1 1 34 9 2 100 38 3
10 99 0 70 1 5 10 2 1 1 33 1 1 100 31 2
11 99 0 76 5 5 15 4 1 1 36 2 1 3 42 4
12 99 0 40 5 5 13 6 1 1 34 2 2 4 38 6
13 99 0 71 5 5 10 2 1 1 33 8 1 100 33 2
14 99 0 65 5 5 11 3 1 1 33 1 1 2 32 3
15 99 0 46 5 5 14 7 1 1 35 2 1 4 36 7
16 99 9 62 5 5 11 2 1 1 33 1 1 100 34 2
17 99 0 35 5 5 10 3 1 1 33 7 1 18 35 3
18 99 0 32 5 5 14 3 1 1 34 3 1 100 36 3
19 99 0 60 5 5 12 4 1 1 34 1 1 2 35 4
20 99 7 54 5 5 10 1 1 1 33 7 1 100 37 1
21 99 0 32 5 5 12 3 1 1 34 1 1 2 36 3
22 99 0 39 5 5 11 4 1 1 32 1 1 2 31 4
23 99 8 54 5 5 9 1 1 1 33 7 1 100 32 1
24 99 7 47 5 5 10 1 1 1 33 7 1 100 36 1
25 99 6 34 5 5 11 1 1 1 33 6 1 100 33 1
26 99 0 71 5 5 12 3 1 1 34 1 1 4 36 3
27 99 0 52 5 5 12 5 1 1 34 1 1 2 34 5
28 99 0 71 5 5 16 1 1 1 35 1 1 100 42 1
29 99 0 65 5 5 13 7 1 1 34 1 1 3 35 7
30 99 0 62 5 5 11 3 1 1 33 2 1 19 34 3
31 99 0 77 5 5 12 5 1 1 33 1 1 2 37 5
32 99 7 46 5 5 11 1 1 1 33 1 1 100 36 1
33 99 8 31 5 5 10 2 1 1 33 6 1 100 35 2
34 99 0 54 5 5 10 5 1 1 33 1 1 2 38 5
35 99 0 54 5 5 11 4 1 1 33 2 1 3 36 4
36 99 0 68 5 5 10 3 1 1 33 1 1 2 33 3
37 99 0 69 5 5 14 2 1 1 35 1 1 100 38 2
38 99 0 76 5 5 8 3 1 1 33 1 1 16 34 3
39 99 6 70 5 5 9 3 1 1 32 5 1 100 34 3
40 99 8 79 5 5 10 1 1 1 33 6 1 100 35 1
41 99 6 66 5 5 8 5 1 1 32 5 1 14 32 5
42 99 0 30 5 5 15 4 1 1 35 1 1 5 40 4
43 99 5 49 5 5 8 1 1 1 33 5 1 100 35 1
44 99 5 67 5 5 8 1 1 1 31 5 1 100 28 1
45 99 0 35 5 5 14 3 1 1 34 1 1 2 33 3
46 99 0 76 5 5 11 5 1 1 33 1 1 2 34 5
47 99 0 60 5 5 11 4 1 1 33 1 1 3 33 4
48 99 0 32 5 5 14 5 1 1 35 1 1 2 39 5
49 99 0 48 5 5 12 2 1 1 34 1 1 100 35 2
50 99 9 31 5 5 10 2 1 1 33 1 1 2 32 2
51 99 7 43 5 5 11 2 1 1 33 2 1 17 36 2
52 99 0 39 5 5 12 4 1 1 34 1 1 25 35 4
53 99 0 33 5 5 11 4 1 1 33 1 1 100 36 4
54 99 8 74 5 5 10 2 1 1 33 5 1 100 33 2
55 99 0 69 5 5 7 3 1 1 32 1 1 2 28 3
56 99 0 31 5 5 12 3 1 1 33 1 1 2 37 3
57 99 6 53 5 5 7 3 1 1 32 6 1 12 33 3
58 99 8 45 5 5 9 2 1 1 32 6 2 100 30 2
59 99 0 36 5 5 13 5 1 1 34 1 1 23 32 5
60 99 6 34 5 5 10 3 1 1 33 1 1 2 36 3
61 99 0 37 1 5 8 5 1 1 32 1 1 2 34 5
62 99 7 35 5 5 9 1 1 1 32 7 1 100 30 1
63 99 9 60 5 5 11 5 1 1 33 1 1 18 34 5
64 99 5 51 1 5 11 1 1 1 33 1 1 100 35 1
65 99 0 54 5 5 13 6 1 1 34 2 1 4 36 6
66 99 6 68 5 5 11 1 1 1 33 5 1 100 33 1
67 99 0 55 5 5 12 5 1 1 34 1 1 4 36 5
68 99 0 53 5 5 11 4 1 1 33 1 1 17 35 4
69 99 0 33 5 5 15 3 1 1 35 1 1 100 39 3
70 99 0 59 1 5 15 1 1 1 35 1 1 100 36 1
71 99 7 33 5 5 13 2 1 1 34 7 1 100 37 2
72 99 6 65 5 5 10 2 1 1 33 6 1 100 32 2
73 99 4 74 1 1 10 1 1 1 33 4 1 100 35 1
74 99 7 36 5 5 12 4 1 1 33 5 1 100 37 4
75 99 0 35 5 5 13 2 1 1 34 1 1 100 38 2
76 99 0 49 5 5 14 1 1 1 34 1 1 100 38 1
77 99 0 67 5 5 9 4 1 1 32 1 1 2 30 4
78 99 0 37 5 5 9 2 1 1 32 7 1 15 32 2
79 99 0 65 5 5 14 5 1 1 35 1 1 19 36 5
80 99 0 50 5 5 12 6 1 1 34 7 1 100 34 6
81 99 2 33 5 5 11 1 1 1 34 1 1 2 34 1
82 99 9 34 5 5 12 4 1 1 34 2 2 18 34 4
83 99 8 43 5 5 11 1 1 1 33 8 1 100 35 1
84 99 0 74 1 5 11 2 1 1 33 1 1 2 36 2
85 99 10 39 5 5 11 5 1 1 33 8 1 100 31 5
86 99 6 67 5 5 8 2 1 1 32 5 1 100 30 2
87 99 0 65 5 5 12 1 1 1 33 5 1 100 32 1
88 99 0 40 5 5 9 1 1 1 33 1 1 2 33 1
89 99 7 40 5 5 8 4 1 1 32 1 1 2 32 4
90 99 9 67 5 5 11 1 1 1 33 7 2 100 36 1
91 99 7 63 5 5 9 3 1 1 32 7 1 100 32 3
92 99 0 35 5 5 13 5 1 1 34 1 1 2 35 5
93 99 8 56 5 5 11 4 1 1 34 1 1 12 35 4
94 99 0 59 5 5 12 5 1 1 34 1 1 2 37 5
95 99 2 35 5 5 10 1 1 1 33 2 1 100 37 1
96 99 1 60 5 5 11 1 1 1 33 1 1 100 35 1
97 99 7 48 5 5 10 2 1 1 33 1 1 100 36 2
98 99 7 31 5 5 11 2 1 1 34 7 1 100 35 2
99 99 7 37 5 5 10 1 1 1 33 6 1 100 36 1
100 99 6 34 5 5 8 2 1 1 32 6 1 100 33 2
