1 99 5 21 5 5 10 7 1 1 33 5 1 13 28 7
2 99 8 20 5 5 13 7 1 1 35 6 2 16 32 7
3 99 0 20 5 5 17 7 1 1 36 1 1 2 33 7
4 99 7 73 5 5 13 7 1 1 34 5 5 15 30 7
5 99 0 25 5 5 13 10 1 1 34 2 1 18 30 10
6 99 6 56 5 5 10 6 1 1 33 6 1 11 29 6
7 99 5 43 5 5 10 5 1 1 33 5 5 12 26 5
8 99 5 56 5 5 10 5 1 1 33 5 5 10 29 5
9 99 5 39 5 5 12 7 1 1 34 5 1 14 32 7
10 99 6 70 5 5 10 6 1 1 33 6 2 14 24 6
11 99 0 21 5 5 15 8 1 1 36 7 1 17 36 8
12 99 0 70 5 5 13 9 1 1 34 2 2 16 31 9
13 99 6 71 5 5 10 6 1 1 33 5 1 13 26 6
14 99 6 20 5 5 11 7 1 1 33 6 1 15 25 7
15 99 11 22 5 5 14 10 1 1 34 7 1 20 29 10
16 99 6 73 5 5 11 6 1 1 33 6 4 13 27 6
17 99 7 35 5 5 10 7 1 1 32 7 1 14 26 7
18 99 7 23 5 5 14 7 1 1 34 7 1 16 30 7
19 99 7 60 5 5 12 7 1 1 34 6 1 15 30 7
20 99 7 54 5 5 10 6 1 1 33 5 1 12 29 6
21 99 6 19 5 5 12 6 1 1 34 6 6 15 29 6
22 99 0 73 5 5 11 6 1 1 32 1 1 2 24 6
23 99 5 23 5 5 10 5 1 1 33 5 1 12 25 5
24 99 6 65 5 5 10 5 1 1 33 5 3 11 29 5
25 99 5 34 5 5 12 5 1 1 33 5 4 11 25 5
26 99 7 71 5 5 12 7 1 1 34 1 1 2 29 7
27 99 8 52 5 5 12 8 1 1 34 8 1 13 27 8
28 99 6 20 5 5 16 6 1 1 35 5 1 15 34 6
29 99 0 65 5 5 13 9 1 1 34 7 1 18 28 9
30 99 7 62 5 5 11 7 1 1 33 6 1 15 26 7
31 99 0 26 5 5 12 8 1 1 33 1 1 2 29 8
32 99 5 56 5 5 11 5 1 1 33 5 1 11 29 5
33 99 5 24 5 5 10 5 1 1 33 5 3 12 28 5
34 99 8 54 5 5 10 8 1 1 33 6 1 15 30 8
35 99 6 50 5 5 11 7 1 1 33 1 1 2 29 7
36 99 7 19 5 5 10 7 1 1 33 6 4 15 26 7
37 99 6 74 5 5 14 7 1 1 34 6 5 17 31 7
38 99 7 27 5 5 9 6 1 1 33 6 1 13 28 6
39 99 6 41 5 5 10 6 1 1 32 5 3 13 25 6
40 99 6 23 5 5 11 5 1 1 33 5 3 12 28 5
41 99 5 20 5 5 9 5 1 1 32 5 1 11 25 5
42 99 8 26 5 5 15 8 1 1 35 8 2 17 33 8
43 99 5 19 5 5 8 5 1 1 33 5 5 11 27 5
44 99 5 20 5 5 8 5 1 1 31 5 5 11 22 5
45 99 6 35 5 5 14 6 1 1 34 1 1 2 26 6
46 99 7 70 5 5 11 7 1 1 33 6 3 15 27 7
47 99 7 60 5 5 11 7 1 1 33 1 1 12 28 7
48 99 0 71 5 5 14 9 1 1 35 1 1 2 33 9
49 99 6 23 5 5 12 6 1 1 34 6 1 13 29 6
50 99 6 20 5 5 11 5 1 1 33 5 1 10 24 5
51 99 7 43 5 5 11 7 1 1 33 6 1 14 28 7
52 99 6 21 5 5 12 8 1 1 34 5 1 16 27 8
53 99 6 17 5 5 11 6 1 1 33 5 1 15 27 6
54 99 5 74 5 5 10 5 1 1 33 5 5 11 27 5
55 99 6 69 5 5 7 6 1 1 32 6 3 12 21 6
56 99 6 31 5 5 12 6 1 1 33 6 2 15 29 6
57 99 6 16 5 5 7 5 1 1 32 5 1 11 25 5
58 99 6 58 5 5 10 5 1 1 32 5 4 12 23 5
59 99 8 36 5 5 13 8 1 1 34 8 4 17 26 8
60 99 6 69 5 5 11 6 1 1 33 5 1 11 28 6
61 99 0 55 5 5 8 6 1 1 32 6 1 2 25 6
62 99 5 52 5 5 9 5 1 1 32 5 5 12 23 5
63 99 9 60 5 5 11 6 1 1 33 5 1 13 27 6
64 99 5 68 5 5 11 5 1 1 33 5 1 10 29 5
65 99 0 69 5 5 13 8 1 1 34 2 1 12 30 8
66 99 5 71 5 5 12 5 1 1 33 5 4 11 27 5
67 99 8 63 5 5 12 8 1 1 34 7 1 16 30 8
68 99 7 19 5 5 11 7 1 1 33 7 2 15 28 7
69 99 7 51 5 5 15 7 1 1 35 5 1 15 32 7
70 99 6 59 5 5 16 6 1 1 35 6 5 13 30 6
71 99 6 65 5 5 14 6 1 1 34 5 1 12 30 6
72 99 5 29 5 5 10 5 1 1 32 5 5 11 24 5
73 99 5 48 5 5 11 5 1 1 33 5 1 11 27 5
74 99 6 36 5 5 12 6 1 1 33 5 4 12 29 6
75 99 6 74 5 5 14 7 1 1 34 6 4 18 30 7
76 99 7 49 5 5 14 7 1 1 34 5 5 17 32 7
77 99 7 67 5 5 9 7 1 1 32 7 1 14 24 7
78 99 10 37 5 5 9 7 1 1 31 7 5 14 24 7
79 99 8 65 5 5 15 8 1 1 35 8 1 20 30 8
80 99 7 50 5 5 12 7 1 1 34 5 4 15 28 7
81 99 5 66 5 5 12 5 1 1 34 5 1 11 29 5
82 99 5 74 5 5 13 7 1 1 33 5 2 13 27 7
83 99 5 43 5 5 12 5 1 1 33 5 1 12 27 5
84 99 9 26 5 5 12 7 1 1 33 6 1 15 28 7
85 99 6 39 5 5 12 6 1 1 33 5 4 14 25 6
86 99 5 67 5 5 8 5 1 1 32 5 5 11 21 5
87 99 6 21 5 5 13 5 1 1 33 5 5 14 26 5
88 99 7 40 5 5 9 6 1 1 33 6 1 13 23 6
89 99 5 70 5 5 8 5 1 1 32 5 1 11 25 5
90 99 5 67 5 5 11 5 1 1 33 5 5 12 28 5
91 99 5 19 5 5 10 5 1 1 32 5 5 12 24 5
92 99 0 20 5 5 13 8 1 1 34 1 1 2 29 8
93 99 6 56 5 5 13 6 1 1 33 6 1 12 28 6
94 99 7 59 5 5 13 6 1 1 34 6 1 11 29 6
95 99 5 35 5 5 10 5 1 1 33 5 1 11 29 5
96 99 5 60 5 5 11 5 1 1 33 5 1 12 29 5
97 99 5 48 5 5 10 5 1 1 33 5 1 11 27 5
98 99 6 40 5 5 11 6 1 1 33 5 5 12 29 6
99 99 5 58 5 5 10 5 1 1 33 5 5 12 29 5
100 99 6 34 5 5 8 5 1 1 32 5 3 11 27 5
