1 99 23 20 20 20 23 21 1 1 38 21 1 62 27 10
2 99 25 20 20 20 25 23 1 1 39 1 1 63 29 10
3 99 0 20 20 20 25 22 1 1 39 1 1 2 29 10
4 99 23 20 20 20 24 22 1 1 38 22 1 60 28 10
5 99 99 20 20 20 26 23 1 1 39 1 1 2 27 10
6 99 0 20 20 20 26 21 1 1 39 1 1 2 29 10
7 99 23 20 20 20 22 20 1 1 37 21 1 60 23 10
8 99 22 20 20 20 25 21 1 1 38 21 21 100 27 10
9 99 27 20 20 20 27 22 1 1 39 22 22 100 30 10
10 99 0 20 20 20 28 23 1 1 40 2 1 4 31 10
11 99 0 20 20 20 28 21 1 1 39 1 1 2 31 10
12 99 99 20 20 20 26 22 1 1 39 1 1 2 26 10
13 99 24 20 20 20 24 21 1 1 38 21 21 64 25 10
14 99 25 20 20 20 25 23 1 1 39 24 1 100 28 10
15 99 24 20 20 20 25 21 1 1 38 21 21 100 28 10
16 99 23 20 20 20 23 21 1 1 37 1 1 53 24 10
17 99 25 20 20 20 27 22 1 1 39 22 1 100 31 10
18 99 27 20 20 20 27 21 1 1 38 2 1 55 27 10
19 99 21 20 20 20 26 20 1 1 38 20 1 100 30 10
20 99 28 20 20 20 28 22 1 1 40 21 1 100 29 10
21 99 0 20 20 20 24 21 1 1 37 1 1 2 25 10
22 99 23 20 20 20 24 20 1 1 38 20 20 100 27 10
23 99 25 20 20 20 25 21 1 1 38 21 21 100 26 10
24 99 25 20 20 20 26 22 1 1 39 1 1 2 28 10
25 99 27 20 20 20 25 20 1 1 37 1 1 64 26 10
26 99 0 20 20 20 26 23 1 1 39 1 1 2 29 10
27 99 0 20 20 20 29 24 1 1 40 1 1 2 30 10
28 99 25 20 20 20 25 22 1 1 39 22 22 100 29 10
29 99 0 20 20 20 24 22 1 1 38 1 1 2 28 10
30 99 24 20 20 20 25 20 1 1 38 20 1 65 28 10
31 99 24 20 20 20 24 21 1 1 38 21 1 65 26 10
32 99 25 20 20 20 25 22 1 1 38 1 1 2 26 10
33 99 99 20 20 20 24 21 1 1 38 1 1 2 27 10
34 99 23 20 20 20 25 22 1 1 38 1 1 2 26 10
35 99 27 20 20 20 26 22 1 1 39 23 1 100 28 10
36 99 24 20 20 20 24 22 1 1 38 23 21 100 27 10
37 99 24 20 20 20 23 21 1 1 37 21 21 57 24 10
38 99 21 20 20 20 22 20 1 1 38 20 1 66 27 10
39 99 23 20 20 20 23 20 1 1 37 20 20 100 26 10
40 99 24 20 20 20 24 22 1 1 38 22 22 100 28 10
41 99 22 20 20 20 22 20 1 1 37 20 1 57 26 10
42 99 25 20 20 20 25 21 1 1 38 1 1 2 25 10
43 99 21 20 20 20 27 20 1 1 39 1 1 2 29 10
44 99 24 20 20 20 26 22 1 1 38 1 1 2 28 10
45 99 0 20 20 20 26 23 1 1 39 1 1 2 27 10
46 99 21 20 20 20 25 21 1 1 38 21 1 100 29 10
47 99 26 20 20 20 25 21 1 1 38 22 21 62 26 10
48 99 25 20 20 20 24 21 1 1 38 1 1 100 27 10
49 99 28 20 20 20 28 23 1 1 39 1 1 100 29 10
50 99 25 20 20 20 25 21 1 1 38 21 21 100 25 10
51 99 24 20 20 20 24 21 1 1 38 21 1 62 26 10
52 99 23 20 20 20 22 21 1 1 37 21 21 60 23 10
53 99 26 20 20 20 26 22 1 1 38 23 1 66 27 10
54 99 25 20 20 20 22 20 1 1 37 20 20 56 25 10
55 99 26 20 20 20 24 20 1 1 38 20 20 66 25 10
56 99 25 20 20 20 28 24 1 1 39 1 1 100 30 10
57 99 24 20 20 20 23 20 1 1 37 20 1 55 24 10
58 99 0 20 20 20 23 22 1 1 37 1 1 2 25 10
59 99 25 20 20 20 25 20 1 1 38 20 20 100 27 10
60 99 24 20 20 20 24 20 1 1 38 20 20 100 27 10
61 99 0 20 20 20 25 21 1 1 39 1 1 2 29 10
62 99 0 20 20 20 23 21 1 1 38 1 1 2 26 10
63 99 23 20 20 20 23 21 1 1 38 21 20 100 27 10
64 99 24 20 20 20 26 23 1 1 39 1 1 2 28 10
65 99 26 20 20 20 27 21 1 1 39 21 21 100 29 10
66 99 24 20 20 20 27 22 1 1 39 1 1 66 29 10
67 99 21 20 20 20 25 20 1 1 38 20 1 100 28 10
68 99 21 20 20 20 26 20 1 1 38 1 1 57 27 10
69 99 24 20 20 20 24 20 1 1 38 20 20 100 26 10
70 99 26 20 20 20 25 21 1 1 38 21 21 100 28 10
71 99 25 20 20 20 26 23 1 1 39 24 21 100 29 10
72 99 30 20 20 20 29 22 1 1 40 1 1 100 31 10
73 99 24 20 20 20 24 22 1 1 38 1 1 2 25 10
74 99 25 20 20 20 24 22 1 1 37 22 1 57 25 10
75 99 29 20 20 20 29 23 1 1 40 23 1 100 29 10
76 99 25 20 20 20 25 20 1 1 38 20 1 100 26 10
77 99 26 20 20 20 26 21 1 1 39 25 1 100 29 10
78 99 25 20 20 20 24 21 1 1 38 21 20 62 24 10
79 99 22 20 20 20 23 21 1 1 38 21 21 62 24 10
80 99 25 20 20 20 26 23 1 1 39 1 1 2 28 10
81 99 22 20 20 20 22 20 1 1 37 20 20 61 24 10
82 99 24 20 20 20 24 21 1 1 37 22 1 62 24 10
83 99 22 20 20 20 22 20 1 1 37 20 20 58 24 10
84 99 23 20 20 20 22 21 1 1 37 21 1 56 23 10
85 99 24 20 20 20 24 20 1 1 37 20 20 58 25 10
86 99 22 20 20 20 22 20 1 1 37 22 20 63 24 10
87 99 0 20 20 20 26 23 1 1 39 1 1 2 28 10
88 99 24 20 20 20 26 21 1 1 38 21 21 58 26 10
89 99 24 20 20 20 25 22 1 1 38 1 1 2 27 10
90 99 21 20 20 20 23 20 1 1 38 20 2 62 26 10
91 99 21 20 20 20 24 20 1 1 38 20 1 61 28 10
92 99 22 20 20 20 24 20 1 1 38 20 20 100 28 10
93 99 23 20 20 20 27 21 1 1 39 21 21 100 29 10
94 99 23 20 20 20 22 20 1 1 37 20 20 61 26 10
95 99 23 20 20 20 23 20 1 1 38 20 1 100 27 10
96 99 25 20 20 20 24 23 1 1 38 23 1 58 25 10
97 99 0 20 20 20 26 23 1 1 38 1 1 2 29 10
98 99 26 20 20 20 26 21 1 1 39 21 1 67 27 10
99 99 24 20 20 20 24 21 1 1 38 22 21 100 25 10
100 99 25 20 20 20 24 21 1 1 38 21 2 66 25 10
