1 99 24 20 1 20 23 3 1 1 38 23 1 100 33 3
2 99 0 22 1 20 25 4 1 1 38 1 1 2 34 4
3 99 0 29 1 1 24 8 1 1 38 1 1 2 35 8
4 99 24 21 1 20 24 6 1 1 38 2 2 100 33 6
5 99 0 20 1 20 26 8 1 1 38 1 1 2 31 8
6 99 0 21 1 20 25 2 1 1 39 1 1 2 35 2
7 99 23 21 1 20 22 2 1 1 36 1 1 100 29 2
8 99 27 20 1 20 24 1 1 1 38 22 1 100 33 1
9 99 27 23 1 1 27 4 1 1 39 1 1 100 34 4
10 99 0 26 1 20 27 4 1 1 39 2 1 3 36 4
11 99 0 21 1 20 26 2 1 1 39 1 1 2 36 2
12 99 0 21 1 20 26 8 1 1 38 1 1 2 30 8
13 99 24 22 1 20 24 3 1 1 37 1 1 100 30 3
14 99 0 22 1 20 24 3 1 1 38 1 1 100 34 3
15 99 26 46 1 20 24 2 1 1 38 2 1 100 33 2
16 99 23 71 1 20 23 3 1 1 37 1 1 2 29 3
17 99 27 22 1 20 25 2 1 1 39 2 1 100 35 2
18 99 0 21 1 20 27 3 1 1 38 1 1 3 31 3
19 99 21 21 1 20 25 3 1 1 38 21 1 100 33 3
20 99 0 25 1 20 27 4 1 1 39 1 1 100 35 4
21 99 0 23 1 20 24 2 1 1 37 1 1 2 29 2
22 99 23 28 1 20 23 1 1 1 37 23 18 100 30 1
23 99 26 54 1 20 25 1 1 1 37 21 1 100 31 1
24 99 0 21 1 20 25 5 1 1 38 1 1 2 31 5
25 99 27 20 1 20 25 2 1 1 37 1 1 100 29 2
26 99 0 22 1 20 25 3 1 1 38 1 1 2 35 3
27 99 0 21 1 20 28 6 1 1 39 1 1 2 35 6
28 99 0 70 1 20 25 1 1 1 38 1 1 100 34 1
29 99 0 20 20 20 24 4 1 1 38 1 1 2 34 4
30 99 99 22 1 20 24 2 1 1 37 1 1 100 33 2
31 99 24 20 1 20 24 2 1 1 38 2 1 100 32 2
32 99 0 20 1 20 24 4 1 1 38 1 1 2 33 4
33 99 0 22 1 20 23 3 1 1 38 1 1 2 32 3
34 99 0 24 1 20 24 3 1 1 38 1 1 2 31 3
35 99 27 21 1 20 26 4 1 1 38 2 1 100 34 4
36 99 24 20 1 20 24 6 1 1 38 23 1 100 32 6
37 99 24 21 1 20 23 4 1 1 37 22 2 100 28 4
38 99 21 24 1 20 21 2 1 1 37 1 1 100 34 2
39 99 23 72 1 1 22 1 1 1 37 22 2 100 30 1
40 99 24 21 1 1 23 6 1 1 38 2 2 100 35 6
41 99 22 20 1 20 21 2 1 1 36 20 1 100 31 2
42 99 0 23 1 20 24 3 1 1 37 1 1 2 28 3
43 99 99 20 1 20 25 1 1 1 38 1 1 2 31 1
44 99 0 62 1 20 25 2 1 1 38 1 1 2 31 2
45 99 0 20 1 20 25 4 1 1 38 1 1 2 31 4
46 99 25 62 1 20 25 3 1 1 38 3 1 100 34 3
47 99 26 57 20 20 25 4 1 1 37 1 1 100 30 4
48 99 25 49 1 20 24 2 1 1 37 1 1 100 32 2
49 99 0 23 20 20 28 3 1 1 39 1 1 100 33 3
50 99 25 21 1 1 24 1 1 1 38 1 1 100 31 1
51 99 25 67 1 20 24 3 1 1 38 1 1 100 32 3
52 99 23 22 1 20 21 3 1 1 37 21 1 100 27 3
53 99 0 23 1 20 25 1 1 1 38 1 1 2 31 1
54 99 25 23 1 1 22 1 1 1 36 21 1 100 28 1
55 99 26 27 1 20 23 1 1 1 37 23 1 100 29 1
56 99 0 20 1 20 28 3 1 1 39 2 1 100 34 3
57 99 24 25 1 20 23 4 1 1 37 1 1 100 30 4
58 99 0 62 1 20 23 1 1 1 37 1 1 2 29 1
59 99 25 24 1 20 25 3 1 1 38 23 1 100 32 3
60 99 26 20 1 20 24 2 1 1 38 2 1 100 34 2
61 99 0 27 1 20 24 2 1 1 38 1 1 2 34 2
62 99 0 21 1 1 23 3 1 1 37 1 1 2 30 3
63 99 23 27 1 20 23 1 1 1 37 22 1 100 32 1
64 99 0 20 1 20 26 6 1 1 38 1 1 2 34 6
65 99 29 28 1 20 26 1 1 1 38 24 23 100 35 1
66 99 99 24 1 20 26 6 1 1 39 1 1 100 33 6
67 99 21 21 1 20 24 2 1 1 38 1 1 100 34 2
68 99 21 22 1 1 24 1 1 1 38 1 1 2 30 1
69 99 24 21 1 20 24 1 1 1 38 24 2 100 31 1
70 99 28 33 1 20 25 2 1 1 38 23 2 100 33 2
71 99 25 20 1 20 25 2 1 1 39 2 1 100 34 2
72 99 0 75 1 20 28 1 1 1 39 1 1 100 37 1
73 99 0 30 1 20 23 3 1 1 37 1 1 2 29 3
74 99 25 25 1 20 22 5 1 1 37 1 1 100 29 5
75 99 29 47 1 20 28 9 1 1 39 25 1 100 34 9
76 99 25 21 1 20 25 2 1 1 38 25 1 100 31 2
77 99 26 74 1 1 25 3 1 1 39 2 1 100 34 3
78 99 25 21 1 20 23 3 1 1 37 21 2 100 29 3
79 99 24 22 1 20 22 4 1 1 37 22 1 100 31 4
80 99 0 29 1 20 26 2 1 1 39 1 1 2 33 2
81 99 22 60 1 1 22 2 1 1 37 21 1 100 29 2
82 99 24 23 1 20 23 2 1 1 37 22 1 100 28 2
83 99 22 21 1 20 22 3 1 1 37 21 2 100 29 3
84 99 23 21 1 20 22 2 1 1 36 1 1 100 28 2
85 99 24 21 1 1 23 5 1 1 37 23 1 100 31 5
86 99 23 51 1 20 22 2 1 1 37 22 6 100 29 2
87 99 0 22 1 20 26 6 1 1 39 1 1 2 33 6
88 99 27 21 1 20 25 9 1 1 38 21 1 100 30 9
89 99 0 21 1 20 24 7 1 1 38 1 1 2 31 7
90 99 21 25 1 20 22 4 1 1 37 2 1 100 33 4
91 99 21 24 1 20 24 5 1 1 38 2 1 100 34 5
92 99 22 59 1 1 22 1 1 1 37 22 1 100 34 1
93 99 23 69 1 1 23 1 1 1 38 21 1 100 33 1
94 99 22 20 1 20 22 2 1 1 37 20 1 100 32 2
95 99 27 20 20 20 23 1 1 1 37 1 1 100 32 1
96 99 0 29 1 20 24 4 1 1 37 3 1 5 29 4
97 99 0 24 1 20 25 6 1 1 38 1 1 2 34 6
98 99 0 23 1 20 26 3 1 1 38 1 1 2 31 3
99 99 24 22 1 20 23 1 1 1 37 22 21 100 29 1
100 99 25 25 1 20 24 3 1 1 37 1 1 100 32 3
