1 99 10 72 10 10 10 10 1 1 31 10 10 22 30 10
2 99 10 72 10 10 10 10 1 1 31 10 10 22 29 10
3 99 10 39 10 10 10 10 1 1 32 10 10 22 31 10
4 99 10 25 10 10 10 10 1 1 31 10 10 22 31 10
5 99 10 70 10 10 10 10 1 1 31 10 1 22 30 10
6 99 10 25 10 10 10 10 1 1 31 10 10 23 29 10
7 99 10 73 10 10 10 10 1 1 30 10 10 22 29 10
8 99 10 71 10 10 10 10 1 1 31 10 10 22 30 10
9 99 10 48 10 10 10 10 1 1 31 10 3 22 30 10
10 99 10 55 10 10 10 10 1 1 31 10 10 22 30 10
11 99 10 50 10 10 10 10 1 1 31 10 10 22 30 10
12 99 10 44 10 10 10 10 1 1 31 10 10 23 30 10
13 99 10 23 10 10 10 10 1 1 31 10 7 23 29 10
14 99 10 43 10 10 10 10 1 1 31 10 10 22 30 10
15 99 10 23 10 10 10 10 1 1 31 10 10 22 30 10
16 99 10 21 10 10 10 10 1 1 31 10 9 22 30 10
17 99 10 28 10 10 10 10 1 1 31 10 9 23 29 10
18 99 10 26 10 10 10 10 1 1 31 10 10 23 30 10
19 99 10 25 10 10 10 10 1 1 31 10 9 22 29 10
20 99 10 32 10 10 10 10 1 1 31 10 1 22 30 10
21 99 10 62 10 10 10 10 1 1 31 10 1 22 29 10
22 99 10 57 10 10 10 10 1 1 31 10 10 22 30 10
23 99 10 46 10 10 10 10 1 1 31 10 10 23 31 10
24 99 10 28 10 10 10 10 1 1 31 10 10 23 31 10
25 99 10 29 10 10 10 10 1 1 30 10 10 22 29 10
26 99 10 66 10 10 10 10 1 1 31 10 7 22 31 10
27 99 10 28 10 10 10 10 1 1 31 10 10 22 31 10
28 99 10 73 10 10 10 10 1 1 31 10 1 22 30 10
29 99 10 73 10 10 10 10 1 1 32 10 9 22 28 10
30 99 10 33 10 10 10 10 1 1 31 10 1 22 30 10
31 99 10 66 10 10 10 10 1 1 32 10 1 23 30 10
32 99 10 64 10 10 10 10 1 1 31 10 10 23 30 10
33 99 10 21 10 10 10 10 1 1 31 10 1 22 30 10
34 99 10 75 10 10 10 10 1 1 31 10 10 22 29 10
35 99 10 21 10 10 10 10 1 1 31 10 4 23 28 10
36 99 10 43 10 10 10 10 1 1 31 10 4 23 30 10
37 99 10 23 10 10 10 10 1 1 31 10 10 23 31 10
38 99 10 28 10 10 10 10 1 1 31 10 10 22 29 10
39 99 10 47 10 10 10 10 1 1 31 10 1 23 29 10
40 99 10 65 10 10 10 10 1 1 31 10 1 23 29 10
41 99 10 30 10 10 10 10 1 1 31 10 1 22 30 10
42 99 10 59 10 10 10 10 1 1 31 10 10 22 30 10
43 99 10 22 10 10 10 10 1 1 31 10 9 23 31 10
44 99 10 67 10 10 10 10 1 1 31 10 10 22 29 10
45 99 10 64 10 10 10 10 1 1 31 10 10 22 30 10
46 99 10 23 10 10 10 10 1 1 31 10 10 23 29 10
47 99 10 47 10 10 10 10 1 1 31 10 10 23 29 10
48 99 10 45 10 10 10 10 1 1 31 10 10 21 30 10
49 99 10 69 10 10 10 10 1 1 31 10 9 22 30 10
50 99 10 34 10 10 10 10 1 1 31 10 10 23 28 10
51 99 10 70 10 10 10 10 1 1 31 10 9 22 31 10
52 99 10 26 10 10 10 10 1 1 32 10 9 22 30 10
53 99 10 65 10 10 10 10 1 1 31 10 10 22 30 10
54 99 10 32 10 10 10 10 1 1 30 10 10 22 32 10
55 99 10 21 10 10 10 10 1 1 31 10 10 23 29 10
56 99 10 61 10 10 10 10 1 1 31 10 10 23 30 10
57 99 10 42 10 10 10 10 1 1 31 10 8 22 30 10
58 99 10 39 10 10 10 10 1 1 31 10 10 22 30 10
59 99 10 39 10 10 10 10 1 1 31 10 10 23 31 10
60 99 10 27 10 10 10 10 1 1 31 10 10 22 31 10
61 99 10 29 10 10 10 10 1 1 31 10 10 23 30 10
62 99 10 26 10 10 10 10 1 1 31 10 9 22 30 10
63 99 10 68 10 10 10 10 1 1 31 10 10 22 30 10
64 99 10 42 10 10 10 10 1 1 32 10 1 22 31 10
65 99 10 50 10 10 10 10 1 1 31 10 1 22 30 10
66 99 10 55 10 10 10 10 1 1 31 10 10 22 30 10
67 99 10 35 10 10 10 10 1 1 32 10 10 22 31 10
68 99 10 39 10 10 10 10 1 1 31 10 10 22 30 10
69 99 10 21 10 10 10 10 1 1 31 10 1 22 29 10
70 99 10 70 10 10 10 10 1 1 31 10 10 23 30 10
71 99 10 74 10 10 10 10 1 1 31 10 9 22 29 10
72 99 10 23 10 10 10 10 1 1 31 10 9 22 30 10
73 99 10 57 10 10 10 10 1 1 31 10 8 21 31 10
74 99 10 45 10 10 10 10 1 1 32 10 1 22 32 10
75 99 10 24 10 10 10 10 1 1 31 10 10 22 31 10
76 99 10 25 10 10 10 10 1 1 31 10 6 22 29 10
77 99 10 35 10 10 10 10 1 1 31 10 1 22 29 10
78 99 10 72 10 10 10 10 1 1 31 10 10 22 29 10
79 99 10 69 10 10 10 10 1 1 31 10 10 22 31 10
80 99 10 64 10 10 10 10 1 1 31 10 9 23 29 10
81 99 10 25 10 10 10 10 1 1 31 10 10 23 28 10
82 99 10 47 10 10 10 10 1 1 31 10 10 21 30 10
83 99 10 31 10 10 10 10 1 1 31 10 10 22 31 10
84 99 10 28 10 10 10 10 1 1 31 10 1 22 31 10
85 99 10 59 10 10 10 10 1 1 31 10 10 22 29 10
86 99 10 67 10 10 10 10 1 1 31 10 10 23 31 10
87 99 10 55 10 10 10 10 1 1 31 10 10 22 31 10
88 99 10 58 10 10 10 10 1 1 31 10 10 22 29 10
89 99 10 21 10 10 10 10 1 1 31 10 10 23 30 10
90 99 10 28 10 10 10 10 1 1 31 10 1 23 29 10
91 99 10 27 10 10 10 10 1 1 31 10 10 23 28 10
92 99 10 70 10 10 10 10 1 1 31 10 10 22 30 10
93 99 10 27 10 10 10 10 1 1 31 10 10 22 29 10
94 99 10 27 10 10 10 10 1 1 31 10 10 22 28 10
95 99 10 30 10 10 10 10 1 1 31 10 10 22 31 10
96 99 10 26 10 10 10 10 1 1 31 10 9 22 30 10
97 99 10 64 10 10 10 10 1 1 31 10 1 22 30 10
98 99 10 25 10 10 10 10 1 1 31 10 1 21 30 10
99 99 10 71 10 10 10 10 1 1 31 10 10 22 30 10
100 99 10 58 10 10 10 10 1 1 31 10 10 23 29 10
