1 99 13 62 10 10 14 11 1 1 34 13 1 30 29 10
2 99 13 51 10 10 16 12 1 1 36 1 1 27 31 10
3 99 0 57 10 10 20 12 1 1 36 1 1 2 31 10
4 99 14 73 10 10 17 13 1 1 35 13 1 33 30 10
5 99 0 73 10 10 19 15 1 1 36 1 1 2 29 10
6 99 0 72 10 10 19 11 1 1 36 1 1 2 31 10
7 99 14 52 10 10 14 10 1 1 34 10 1 27 25 10
8 99 10 18 10 10 13 10 1 1 34 10 10 26 31 10
9 99 15 74 10 10 17 12 1 1 36 13 1 39 31 10
10 99 14 51 10 10 17 11 1 1 35 11 1 34 27 10
11 99 0 25 10 10 18 13 1 1 37 3 1 5 36 10
12 99 0 16 10 10 20 13 1 1 37 1 1 2 30 10
13 99 12 66 10 10 14 11 1 1 34 12 1 30 26 10
14 99 13 58 10 10 13 12 1 1 34 12 1 26 27 10
15 99 0 21 10 10 18 13 1 1 36 1 1 2 30 10
16 99 13 19 10 10 16 11 1 1 35 11 1 30 31 10
17 99 11 37 10 10 15 11 1 1 34 11 7 29 25 10
18 99 19 21 10 10 20 11 1 1 36 1 1 2 31 10
19 99 14 51 10 10 17 12 1 1 35 1 1 2 26 10
20 99 10 51 10 10 16 10 1 1 35 10 1 25 29 10
21 99 20 20 10 10 19 11 1 1 36 2 2 35 29 10
22 99 0 57 10 10 12 10 1 1 33 1 1 2 22 10
23 99 13 23 10 10 14 10 1 1 35 10 2 29 27 10
24 99 11 54 10 10 15 10 1 1 34 11 2 28 27 10
25 99 16 59 10 10 17 13 1 1 35 1 1 2 28 10
26 99 12 73 10 10 14 10 1 1 34 1 1 28 27 10
27 99 0 25 10 10 20 13 1 1 37 1 1 2 33 10
28 99 0 25 10 10 19 14 1 1 36 1 1 29 31 10
29 99 13 65 10 10 16 12 1 1 36 13 1 32 30 10
30 99 0 26 10 10 16 13 1 1 35 1 1 2 29 10
31 99 12 50 10 10 17 11 1 1 35 11 1 33 28 10
32 99 13 40 10 10 14 10 1 1 34 10 1 28 27 10
33 99 12 49 10 10 17 12 1 1 35 12 1 25 30 10
34 99 0 41 10 10 16 13 1 1 35 1 1 2 27 10
35 99 0 20 10 10 17 14 1 1 35 1 1 2 27 10
36 99 14 66 10 10 16 11 1 1 35 11 1 32 28 10
37 99 12 16 10 10 14 11 1 1 35 1 1 25 30 10
38 99 13 33 10 10 17 12 1 1 35 12 11 36 29 10
39 99 12 14 10 10 12 11 1 1 34 11 2 25 26 10
40 99 11 34 10 10 13 10 1 1 33 10 1 24 25 10
41 99 13 36 10 10 16 13 1 1 36 13 1 29 33 10
42 99 12 60 10 10 14 10 1 1 34 10 2 25 26 10
43 99 10 20 10 10 13 10 1 1 33 10 1 25 22 10
44 99 0 17 10 10 17 12 1 1 35 1 1 2 28 10
45 99 13 18 10 10 17 12 1 1 35 12 2 29 26 10
46 99 13 19 10 10 14 12 1 1 35 12 1 29 28 10
47 99 0 46 10 10 17 13 1 1 36 1 1 2 30 10
48 99 13 58 10 10 16 11 1 1 35 11 11 32 28 10
49 99 15 76 10 10 15 11 1 1 34 11 1 28 26 10
50 99 13 56 10 10 16 11 1 1 35 1 1 30 29 10
51 99 18 73 10 10 18 13 1 1 35 1 1 34 28 10
52 99 13 18 10 10 14 11 1 1 34 11 11 31 26 10
53 99 11 70 10 10 14 10 1 1 34 11 2 28 27 10
54 99 11 40 10 10 12 11 1 1 33 11 1 25 21 10
55 99 13 18 10 10 17 11 1 1 35 11 1 32 27 10
56 99 11 60 10 10 13 10 1 1 34 11 6 26 27 10
57 99 11 20 10 10 14 10 1 1 34 10 10 28 25 10
58 99 16 18 10 10 20 14 1 1 36 14 13 44 29 10
59 99 11 61 10 10 15 11 1 1 35 11 1 29 30 10
60 99 0 75 10 10 13 11 1 1 33 1 1 2 24 10
61 99 13 64 10 10 15 10 1 1 35 10 1 32 29 10
62 99 10 20 10 10 14 10 1 1 34 10 1 26 27 10
63 99 10 70 10 10 14 10 1 1 35 10 1 25 29 10
64 99 0 70 10 10 18 12 1 1 36 2 1 4 30 10
65 99 12 54 10 10 16 10 1 1 35 11 1 33 29 10
66 99 0 16 10 10 18 14 1 1 35 1 1 3 31 10
67 99 13 18 10 10 15 10 1 1 34 10 1 29 27 10
68 99 12 22 10 10 18 11 1 1 35 11 1 27 29 10
69 99 14 23 10 10 17 11 1 1 36 11 2 39 32 10
70 99 13 60 10 10 17 11 1 1 35 11 2 32 27 10
71 99 10 15 10 10 13 10 1 1 34 10 1 25 24 10
72 99 14 26 10 10 17 11 1 1 35 11 1 33 29 10
73 99 12 28 10 10 17 11 1 1 35 11 1 33 30 10
74 99 14 61 10 10 18 11 1 1 36 11 11 33 28 10
75 99 13 24 10 10 15 11 1 1 34 2 1 24 27 10
76 99 0 21 10 10 17 12 1 1 35 1 1 2 27 10
77 99 11 44 10 10 17 11 1 1 35 11 1 28 27 10
78 99 17 18 10 10 18 13 1 1 36 1 1 2 31 10
79 99 10 55 10 10 14 10 1 1 34 10 1 24 26 10
80 99 16 38 10 10 17 11 1 1 36 11 4 37 30 10
81 99 13 20 10 10 17 10 1 1 35 10 4 34 28 10
82 99 12 46 10 10 13 11 1 1 34 11 1 26 26 10
83 99 0 75 10 10 16 13 1 1 36 1 1 2 27 10
84 99 11 28 10 10 13 10 1 1 34 10 8 25 24 10
85 99 13 19 10 10 14 11 1 1 34 11 8 28 23 10
86 99 10 66 10 10 15 10 1 1 34 10 1 26 25 10
87 99 12 26 10 10 13 10 1 1 34 1 1 2 25 10
88 99 13 18 10 10 17 10 1 1 36 10 9 35 30 10
89 99 10 53 10 10 13 10 1 1 34 10 1 25 26 10
90 99 0 56 10 10 16 13 1 1 35 1 1 2 28 10
91 99 11 39 10 10 17 10 1 1 36 10 1 30 33 10
92 99 0 39 10 10 16 11 1 1 35 1 1 2 26 10
93 99 10 65 10 10 16 10 1 1 35 10 1 25 30 10
94 99 12 24 10 10 17 10 1 1 35 10 1 31 30 10
95 99 11 74 10 10 13 10 1 1 34 10 1 25 27 10
96 99 12 34 10 10 14 11 1 1 35 11 1 28 27 10
97 99 10 59 10 10 13 10 1 1 35 10 1 24 28 10
98 99 11 32 10 10 14 11 1 1 34 11 1 25 25 10
99 99 11 74 10 10 14 11 1 1 34 11 9 28 26 10
100 99 16 38 10 10 16 13 1 1 35 14 1 29 28 10
