1 99 13 10 10 10 15 11 1 1 34 10 10 23 15 10
2 99 13 10 10 10 16 12 1 1 35 11 11 25 17 10
3 99 0 10 10 10 20 12 1 1 36 1 1 2 20 10
4 99 13 10 10 10 18 13 1 1 35 11 10 25 18 10
5 99 14 10 10 10 20 15 1 1 35 14 11 30 19 10
6 99 11 10 10 10 19 11 1 1 35 11 11 24 19 10
7 99 10 10 10 10 14 10 1 1 33 10 10 22 14 10
8 99 10 10 10 10 14 10 1 1 34 10 10 21 15 10
9 99 10 10 10 10 17 12 1 1 35 10 10 24 18 10
10 99 12 10 10 10 17 11 1 1 34 10 10 24 17 10
11 99 13 10 10 10 20 13 1 1 36 12 1 2 22 10
12 99 12 10 10 10 21 13 1 1 36 11 11 27 20 10
13 99 12 10 10 10 15 11 1 1 34 10 10 22 14 10
14 99 13 10 10 10 13 12 1 1 33 12 10 24 13 10
15 99 13 10 10 10 19 13 1 1 36 11 11 26 18 10
16 99 12 10 10 10 17 11 1 1 35 10 10 23 17 10
17 99 11 10 10 10 16 11 1 1 34 10 10 22 15 10
18 99 10 10 10 10 21 12 1 1 36 10 1 24 21 10
19 99 13 10 10 10 17 12 1 1 34 11 11 25 17 10
20 99 10 10 10 10 16 10 1 1 35 10 10 21 16 10
21 99 11 10 10 10 19 11 1 1 35 11 10 25 19 10
22 99 10 10 10 10 12 10 1 1 32 1 1 2 12 10
23 99 10 10 10 10 16 10 1 1 34 10 10 22 15 10
24 99 11 10 10 10 15 10 1 1 34 10 10 22 15 10
25 99 16 10 10 10 17 13 1 1 35 13 12 27 17 10
26 99 10 10 10 10 15 10 1 1 34 10 10 21 15 10
27 99 14 10 10 10 21 14 1 1 36 11 11 26 21 10
28 99 14 10 10 10 19 14 1 1 35 11 11 28 19 10
29 99 13 10 10 10 16 12 1 1 35 11 10 24 16 10
30 99 0 10 10 10 17 13 1 1 35 1 1 2 17 10
31 99 11 10 10 10 17 11 1 1 34 10 10 22 17 10
32 99 10 10 10 10 15 10 1 1 34 10 10 22 14 10
33 99 12 10 10 10 17 12 1 1 35 11 11 24 18 10
34 99 12 10 10 10 17 13 1 1 35 11 11 25 17 10
35 99 15 10 10 10 18 14 1 1 35 11 11 27 17 10
36 99 11 10 10 10 17 11 1 1 35 10 10 24 16 10
37 99 10 10 10 10 15 11 1 1 34 10 10 21 14 10
38 99 12 10 10 10 18 12 1 1 35 10 10 24 18 10
39 99 11 10 10 10 12 11 1 1 33 10 10 21 12 10
40 99 10 10 10 10 13 10 1 1 33 10 10 21 13 10
41 99 13 10 10 10 16 13 1 1 35 13 10 26 17 10
42 99 10 10 10 10 15 10 1 1 34 10 10 21 14 10
43 99 10 10 10 10 13 10 1 1 33 10 10 21 12 10
44 99 12 10 10 10 18 12 1 1 35 12 11 26 17 10
45 99 12 10 10 10 17 12 1 1 34 11 10 24 17 10
46 99 12 10 10 10 16 12 1 1 34 10 10 23 15 10
47 99 13 10 10 10 17 13 1 1 35 1 1 2 17 10
48 99 11 10 10 10 16 11 1 1 34 10 10 23 16 10
49 99 11 10 10 10 15 11 1 1 33 10 10 23 15 10
50 99 12 10 10 10 17 11 1 1 34 10 10 23 17 10
51 99 11 10 10 10 18 13 1 1 35 10 10 25 18 10
52 99 11 10 10 10 14 11 1 1 33 10 10 23 14 10
53 99 11 10 10 10 15 11 1 1 34 10 10 22 14 10
54 99 11 10 10 10 12 11 1 1 33 11 10 22 11 10
55 99 11 10 10 10 17 11 1 1 34 11 10 24 17 10
56 99 11 10 10 10 13 10 1 1 34 10 10 21 13 10
57 99 10 10 10 10 15 10 1 1 33 10 10 22 14 10
58 99 14 10 10 10 20 14 1 1 36 10 10 27 19 10
59 99 11 10 10 10 16 11 1 1 34 10 10 22 17 10
60 99 11 10 10 10 14 11 1 1 33 11 1 23 13 10
61 99 10 10 10 10 16 10 1 1 34 10 10 22 15 10
62 99 10 10 10 10 14 10 1 1 34 10 10 21 14 10
63 99 10 10 10 10 15 10 1 1 34 10 10 21 16 10
64 99 12 10 10 10 18 13 1 1 35 12 1 25 18 10
65 99 11 10 10 10 16 11 1 1 35 10 10 22 16 10
66 99 12 10 10 10 18 14 1 1 35 12 11 28 18 10
67 99 10 10 10 10 15 10 1 1 34 10 10 22 15 10
68 99 11 10 10 10 18 11 1 1 35 10 10 22 18 10
69 99 11 10 10 10 18 11 1 1 35 10 10 23 18 10
70 99 11 10 10 10 18 11 1 1 35 10 10 23 17 10
71 99 10 10 10 10 14 10 1 1 34 10 10 21 12 10
72 99 11 10 10 10 17 11 1 1 34 10 10 23 17 10
73 99 11 10 10 10 17 11 1 1 34 10 10 23 18 10
74 99 11 10 10 10 18 11 1 1 35 10 10 24 18 10
75 99 11 10 10 10 15 11 1 1 34 10 10 22 15 10
76 99 12 10 10 10 18 12 1 1 34 11 11 25 17 10
77 99 11 10 10 10 17 11 1 1 34 11 10 24 16 10
78 99 13 10 10 10 19 13 1 1 36 10 1 25 19 10
79 99 10 10 10 10 14 10 1 1 33 10 10 21 14 10
80 99 11 10 10 10 19 11 1 1 35 10 10 24 17 10
81 99 10 10 10 10 19 10 1 1 35 10 10 22 17 10
82 99 11 10 10 10 13 11 1 1 33 10 10 22 13 10
83 99 12 10 10 10 17 13 1 1 35 11 11 27 16 10
84 99 10 10 10 10 13 10 1 1 34 10 10 21 13 10
85 99 10 10 10 10 14 11 1 1 34 10 10 22 13 10
86 99 10 10 10 10 15 10 1 1 34 10 10 21 14 10
87 99 10 10 10 10 15 10 1 1 33 10 1 21 13 10
88 99 10 10 10 10 18 10 1 1 35 10 10 22 17 10
89 99 10 10 10 10 13 10 1 1 33 10 10 21 13 10
90 99 13 10 10 10 17 13 1 1 35 12 1 23 16 10
91 99 10 10 10 10 17 10 1 1 35 10 10 22 19 10
92 99 12 10 10 10 17 11 1 1 34 11 11 24 16 10
93 99 10 10 10 10 17 10 1 1 35 10 10 21 17 10
94 99 10 10 10 10 17 10 1 1 35 10 10 22 17 10
95 99 10 10 10 10 14 10 1 1 33 10 10 21 14 10
96 99 11 10 10 10 15 11 1 1 34 10 10 21 14 10
97 99 10 10 10 10 15 10 1 1 34 10 10 21 15 10
98 99 11 10 10 10 14 11 1 1 33 10 10 21 14 10
99 99 11 10 10 10 15 11 1 1 33 10 10 22 14 10
100 99 16 10 10 10 16 13 1 1 34 12 11 26 16 10
