1 99 13 62 10 10 14 9 1 1 34 13 1 100 33 9
2 99 0 36 10 10 16 10 1 1 36 1 1 2 33 10
3 99 0 43 10 10 20 9 1 1 36 1 1 2 35 9
4 99 0 73 10 10 17 11 1 1 35 1 1 100 34 10
5 99 0 73 10 10 19 15 1 1 36 1 1 2 31 10
6 99 0 24 10 10 18 9 1 1 36 1 1 2 34 9
7 99 14 52 10 10 14 10 1 1 34 14 1 33 28 10
8 99 12 73 10 10 13 7 1 1 34 10 1 100 32 7
9 99 18 64 10 10 17 6 1 1 36 15 1 100 35 6
10 99 18 51 10 10 17 8 1 1 35 12 1 100 30 8
11 99 0 76 10 10 18 12 1 1 37 3 1 5 39 10
12 99 0 22 10 10 20 12 1 1 36 1 1 2 33 10
13 99 12 25 10 10 14 9 1 1 34 12 1 100 29 9
14 99 0 58 10 10 13 12 1 1 34 3 1 23 29 10
15 99 0 74 10 10 18 12 1 1 36 1 1 2 32 10
16 99 13 75 10 10 15 9 1 1 35 12 1 100 33 9
17 99 11 37 10 10 15 7 1 1 34 11 1 100 28 7
18 99 19 70 10 10 19 8 1 1 36 1 1 2 35 8
19 99 0 51 10 10 17 10 1 1 35 1 1 2 29 10
20 99 11 51 10 10 15 9 1 1 35 10 1 100 33 9
21 99 20 31 10 10 19 8 1 1 36 2 1 36 31 8
22 99 0 57 10 10 12 9 1 1 33 1 1 2 25 9
23 99 13 23 10 10 14 8 1 1 34 13 2 100 30 8
24 99 12 26 10 10 15 6 1 1 34 11 1 100 30 6
25 99 0 59 10 10 17 11 1 1 35 1 1 3 31 10
26 99 14 73 10 10 14 8 1 1 34 1 1 2 31 8
27 99 0 25 10 10 19 9 1 1 37 1 1 2 36 9
28 99 0 25 10 10 19 14 1 1 36 1 1 2 34 10
29 99 15 65 10 10 16 9 1 1 35 1 1 2 33 9
30 99 0 26 10 10 16 10 1 1 35 1 1 2 32 10
31 99 12 50 10 10 17 9 1 1 35 11 1 100 31 9
32 99 13 29 10 10 14 10 1 1 34 10 1 34 30 10
33 99 0 49 10 10 17 10 1 1 35 1 1 3 33 10
34 99 0 41 10 10 16 11 1 1 35 1 1 2 31 10
35 99 0 45 10 10 17 13 1 1 35 1 1 2 30 10
36 99 17 66 10 10 16 11 1 1 35 13 2 100 31 10
37 99 12 28 10 10 14 7 1 1 35 1 1 25 32 7
38 99 15 33 10 10 17 9 1 1 35 12 1 100 31 9
39 99 12 22 10 10 12 10 1 1 34 11 1 32 29 10
40 99 11 34 10 10 13 9 1 1 33 11 1 29 28 9
41 99 0 36 10 10 16 12 1 1 36 1 1 27 36 10
42 99 12 60 10 10 14 8 1 1 34 10 1 28 29 8
43 99 10 20 10 10 13 9 1 1 33 10 1 29 25 9
44 99 0 38 10 10 17 11 1 1 35 1 1 2 30 10
45 99 14 61 10 10 17 8 1 1 35 3 1 29 30 8
46 99 13 23 10 10 14 11 1 1 35 12 1 35 31 10
47 99 0 35 10 10 17 11 1 1 36 1 1 2 34 10
48 99 14 58 10 10 16 10 1 1 35 1 1 100 31 10
49 99 15 76 10 10 15 10 1 1 34 12 1 30 29 10
50 99 17 56 10 10 16 7 1 1 35 1 1 100 33 7
51 99 18 58 10 10 18 11 1 1 35 1 1 38 31 10
52 99 13 71 10 10 13 8 1 1 34 13 1 100 30 8
53 99 13 70 10 10 14 7 1 1 34 11 2 100 30 7
54 99 11 40 10 10 12 11 1 1 33 11 1 25 24 10
55 99 17 64 10 10 17 10 1 1 35 1 1 2 31 10
56 99 11 60 10 10 13 9 1 1 34 11 1 100 30 9
57 99 14 26 10 10 14 7 1 1 34 10 2 100 28 7
58 99 0 56 10 10 20 14 1 1 36 14 1 100 31 10
59 99 11 61 10 10 15 7 1 1 35 11 1 100 34 7
60 99 0 75 10 10 13 10 1 1 33 1 1 2 26 10
61 99 13 64 10 10 15 5 1 1 35 10 1 100 30 5
62 99 13 70 10 10 14 8 1 1 34 10 1 100 30 8
63 99 12 70 10 10 14 9 1 1 35 10 1 100 33 9
64 99 0 47 10 10 18 11 1 1 36 2 1 4 34 10
65 99 12 51 10 10 16 7 1 1 35 11 1 100 31 7
66 99 0 27 10 10 17 10 1 1 35 1 1 3 35 10
67 99 13 63 10 10 15 10 1 1 34 10 1 100 31 10
68 99 12 22 10 10 18 10 1 1 35 11 1 35 32 10
69 99 14 23 10 10 17 3 1 1 36 1 1 100 34 3
70 99 18 60 10 10 17 10 1 1 35 11 2 41 30 10
71 99 11 57 10 10 13 10 1 1 34 10 1 29 28 10
72 99 14 26 10 10 16 8 1 1 35 11 1 100 31 8
73 99 12 28 10 10 17 8 1 1 35 11 1 100 32 8
74 99 14 61 10 10 18 11 1 1 36 12 1 42 32 10
75 99 13 24 10 10 15 11 1 1 34 2 1 24 30 10
76 99 0 62 10 10 17 10 1 1 34 1 1 2 32 10
77 99 11 44 10 10 16 11 1 1 35 1 1 2 29 10
78 99 0 26 10 10 17 9 1 1 36 1 1 2 34 9
79 99 11 55 10 10 14 7 1 1 34 10 1 29 29 7
80 99 17 38 10 10 17 10 1 1 36 4 4 100 33 10
81 99 13 29 10 10 17 8 1 1 35 10 1 100 31 8
82 99 12 46 10 10 13 10 1 1 34 11 1 100 29 10
83 99 0 26 10 10 16 11 1 1 36 1 1 2 31 10
84 99 13 28 10 10 13 8 1 1 34 10 2 100 28 8
85 99 13 59 10 10 14 11 1 1 34 13 4 34 26 10
86 99 12 66 10 10 14 8 1 1 34 10 1 100 29 8
87 99 12 26 10 10 13 9 1 1 34 1 1 2 27 9
88 99 14 53 10 10 17 9 1 1 36 12 1 100 32 9
89 99 13 53 10 10 13 8 1 1 34 10 1 27 29 8
90 99 0 41 10 10 16 12 1 1 35 1 1 2 30 10
91 99 13 39 10 10 16 5 1 1 36 1 1 100 35 5
92 99 0 39 10 10 16 9 1 1 35 1 1 2 30 9
93 99 10 65 10 10 16 8 1 1 35 1 1 26 34 8
94 99 17 24 10 10 16 6 1 1 35 1 1 100 32 6
95 99 12 74 10 10 13 7 1 1 34 11 1 100 31 7
96 99 12 34 10 10 14 11 1 1 35 11 1 100 31 10
97 99 12 25 10 10 13 10 1 1 35 10 1 30 33 10
98 99 11 32 10 10 14 11 1 1 34 11 1 28 28 10
99 99 11 74 10 10 14 9 1 1 34 11 5 34 29 9
100 99 0 38 10 10 15 13 1 1 34 2 1 4 31 9
