1 99 13 10 10 10 15 11 1 1 34 10 10 23 18 10
2 99 13 10 10 10 16 12 1 1 35 11 11 26 19 10
3 99 0 10 10 10 20 12 1 1 36 1 1 2 22 10
4 99 13 10 10 10 18 13 1 1 35 11 10 26 20 10
5 99 14 10 10 10 20 15 1 1 35 14 11 31 20 10
6 99 11 10 10 10 19 11 1 1 35 11 11 24 20 10
7 99 10 10 10 10 14 10 1 1 33 10 10 23 14 10
8 99 10 10 10 10 13 10 1 1 34 10 10 21 18 10
9 99 11 10 10 10 17 12 1 1 35 10 10 25 20 10
10 99 12 10 10 10 17 11 1 1 35 10 10 24 18 10
11 99 14 10 10 10 20 13 1 1 36 12 1 2 25 10
12 99 12 10 10 10 21 13 1 1 36 11 11 28 21 10
13 99 12 10 10 10 15 11 1 1 34 10 10 23 16 10
14 99 13 10 10 10 13 12 1 1 33 12 1 25 15 10
15 99 15 10 10 10 19 13 1 1 36 11 11 27 20 10
16 99 12 10 10 10 17 11 1 1 35 10 10 24 18 10
17 99 11 10 10 10 16 11 1 1 34 10 10 22 17 10
18 99 10 10 10 10 21 12 1 1 36 10 1 24 23 10
19 99 13 10 10 10 17 12 1 1 34 11 11 26 18 10
20 99 10 10 10 10 16 10 1 1 35 10 10 21 18 10
21 99 11 10 10 10 19 11 1 1 35 11 10 26 19 10
22 99 10 10 10 10 12 10 1 1 33 1 1 2 12 10
23 99 10 10 10 10 15 10 1 1 34 10 10 22 16 10
24 99 11 10 10 10 15 10 1 1 34 10 10 22 17 10
25 99 16 10 10 10 17 13 1 1 35 13 12 28 18 10
26 99 10 10 10 10 15 10 1 1 34 10 10 22 17 10
27 99 14 10 10 10 21 14 1 1 37 11 1 26 23 10
28 99 14 10 10 10 19 14 1 1 36 12 11 29 21 10
29 99 13 10 10 10 16 12 1 1 35 11 10 25 19 10
30 99 0 10 10 10 17 13 1 1 35 1 1 2 18 10
31 99 11 10 10 10 17 11 1 1 35 10 10 23 18 10
32 99 10 10 10 10 15 10 1 1 34 10 10 22 15 10
33 99 12 10 10 10 17 12 1 1 35 11 11 25 19 10
34 99 14 10 10 10 17 13 1 1 35 11 11 26 18 10
35 99 14 10 10 10 18 14 1 1 35 12 11 28 18 10
36 99 11 10 10 10 17 11 1 1 35 10 10 24 17 10
37 99 12 10 10 10 14 11 1 1 35 10 1 22 18 10
38 99 12 10 10 10 18 12 1 1 35 10 10 24 19 10
39 99 11 10 10 10 12 11 1 1 33 10 10 22 14 10
40 99 10 10 10 10 13 10 1 1 33 10 10 21 14 10
41 99 13 10 10 10 16 13 1 1 36 13 11 26 20 10
42 99 10 10 10 10 14 10 1 1 34 10 10 21 15 10
43 99 10 10 10 10 13 10 1 1 33 10 10 21 14 10
44 99 12 10 10 10 18 12 1 1 35 12 11 26 18 10
45 99 12 10 10 10 17 12 1 1 35 11 10 25 18 10
46 99 12 10 10 10 16 12 1 1 34 10 10 23 17 10
47 99 0 10 10 10 17 13 1 1 35 1 1 2 20 10
48 99 11 10 10 10 16 11 1 1 35 11 10 24 18 10
49 99 12 10 10 10 15 11 1 1 34 10 10 23 15 10
50 99 12 10 10 10 17 11 1 1 34 10 10 23 18 10
51 99 11 10 10 10 18 13 1 1 35 10 1 25 18 10
52 99 13 10 10 10 14 11 1 1 33 10 10 24 16 10
53 99 11 10 10 10 14 11 1 1 34 10 10 22 16 10
54 99 11 10 10 10 12 11 1 1 33 11 10 22 12 10
55 99 11 10 10 10 17 11 1 1 35 11 10 25 18 10
56 99 11 10 10 10 13 10 1 1 34 10 10 22 15 10
57 99 10 10 10 10 15 10 1 1 34 10 10 22 15 10
58 99 14 10 10 10 20 14 1 1 36 10 10 28 20 10
59 99 11 10 10 10 16 11 1 1 34 10 10 23 18 10
60 99 11 10 10 10 14 11 1 1 33 11 1 22 15 10
61 99 10 10 10 10 16 10 1 1 35 10 10 22 17 10
62 99 10 10 10 10 14 10 1 1 34 10 10 21 16 10
63 99 10 10 10 10 15 10 1 1 35 10 10 21 17 10
64 99 13 10 10 10 18 13 1 1 35 12 1 24 20 10
65 99 11 10 10 10 16 11 1 1 35 10 10 23 18 10
66 99 12 10 10 10 18 14 1 1 35 12 11 29 20 10
67 99 10 10 10 10 15 10 1 1 34 10 10 23 17 10
68 99 11 10 10 10 18 11 1 1 35 10 10 23 19 10
69 99 11 10 10 10 18 11 1 1 35 11 10 24 20 10
70 99 11 10 10 10 18 11 1 1 35 10 10 23 18 10
71 99 10 10 10 10 14 10 1 1 34 10 10 21 14 10
72 99 11 10 10 10 17 11 1 1 35 10 10 24 19 10
73 99 11 10 10 10 17 11 1 1 35 10 10 23 19 10
74 99 11 10 10 10 18 11 1 1 35 10 10 25 19 10
75 99 11 10 10 10 15 11 1 1 34 10 2 22 16 10
76 99 12 10 10 10 18 12 1 1 34 11 11 26 19 10
77 99 11 10 10 10 17 11 1 1 34 11 11 24 17 10
78 99 13 10 10 10 18 13 1 1 36 10 1 26 21 10
79 99 10 10 10 10 14 10 1 1 33 10 10 21 15 10
80 99 11 10 10 10 18 11 1 1 35 10 10 25 20 10
81 99 10 10 10 10 18 10 1 1 35 10 10 22 19 10
82 99 11 10 10 10 13 11 1 1 34 10 10 22 15 10
83 99 12 10 10 10 16 13 1 1 35 11 11 27 18 10
84 99 10 10 10 10 13 10 1 1 34 10 10 21 14 10
85 99 11 10 10 10 14 11 1 1 34 10 10 23 14 10
86 99 10 10 10 10 15 10 1 1 34 10 10 21 15 10
87 99 10 10 10 10 14 10 1 1 33 10 1 21 15 10
88 99 10 10 10 10 18 10 1 1 35 10 10 23 19 10
89 99 10 10 10 10 13 10 1 1 34 10 10 21 14 10
90 99 13 10 10 10 17 13 1 1 35 1 1 2 19 10
91 99 10 10 10 10 17 10 1 1 35 10 10 22 21 10
92 99 12 10 10 10 17 11 1 1 34 11 1 24 17 10
93 99 10 10 10 10 17 10 1 1 35 10 1 21 19 10
94 99 10 10 10 10 17 10 1 1 35 10 10 23 19 10
95 99 10 10 10 10 14 10 1 1 34 10 10 21 16 10
96 99 12 10 10 10 15 11 1 1 34 10 10 22 16 10
97 99 10 10 10 10 15 10 1 1 34 10 10 21 18 10
98 99 11 10 10 10 14 11 1 1 34 10 10 22 14 10
99 99 11 10 10 10 14 11 1 1 33 10 10 22 15 10
100 99 16 10 10 10 16 13 1 1 34 12 11 27 17 10
