1 99 0 51 1 1 7 1 1 1 32 4 1 100 39 1
2 99 0 73 1 1 10 2 1 1 34 1 1 2 43 2
3 99 0 50 1 1 13 2 1 1 35 1 1 2 41 2
4 99 0 43 1 1 8 2 1 1 33 2 1 4 40 2
5 99 0 58 1 1 10 6 1 1 34 1 1 10 39 6
6 99 0 65 1 1 6 2 1 1 32 1 1 2 39 2
7 99 0 62 1 1 7 1 1 1 32 1 1 100 36 1
8 99 0 56 1 1 6 1 1 1 32 2 1 100 42 1
9 99 0 39 1 1 8 2 1 1 33 2 2 100 42 2
10 99 0 70 1 1 6 1 1 1 32 1 1 2 35 1
11 99 0 69 1 1 11 3 1 1 35 2 1 4 46 3
12 99 0 40 1 1 11 3 1 1 34 2 2 4 41 3
13 99 0 77 1 1 6 1 1 1 32 1 1 100 35 1
14 99 0 65 1 1 8 2 1 1 32 1 1 2 35 2
15 99 0 78 1 1 12 4 1 1 34 2 1 8 39 4
16 99 0 62 1 1 7 1 1 1 32 1 1 2 36 1
17 99 0 43 1 1 7 2 1 1 32 2 1 3 38 2
18 99 0 40 1 1 10 2 1 1 33 2 1 6 39 2
19 99 0 37 1 1 11 2 1 1 34 1 1 2 38 2
20 99 0 42 1 1 7 1 1 1 32 2 1 100 40 1
21 99 0 36 1 1 10 1 1 1 33 1 1 2 40 1
22 99 0 39 1 1 9 2 1 1 32 1 1 2 35 2
23 99 0 59 1 1 6 1 1 1 32 2 1 100 34 1
24 99 0 39 1 1 7 1 1 1 33 1 1 100 40 1
25 99 0 38 1 1 7 1 1 1 32 1 1 100 37 1
26 99 0 71 1 1 8 3 1 1 33 2 1 4 40 3
27 99 0 40 1 1 9 4 1 1 33 1 1 2 38 4
28 99 0 41 1 1 12 1 1 1 34 1 1 100 44 1
29 99 0 70 1 1 10 4 1 1 33 1 1 4 39 4
30 99 0 43 1 1 8 1 1 1 32 1 1 2 38 1
31 99 0 60 1 1 9 3 1 1 32 1 1 2 40 3
32 99 0 46 1 1 8 1 1 1 32 3 2 100 39 1
33 99 0 37 1 1 8 1 1 1 32 1 1 100 38 1
34 99 0 54 1 1 6 3 1 1 32 1 1 2 39 3
35 99 0 47 1 1 9 3 1 1 33 2 1 4 39 3
36 99 0 68 1 1 7 2 1 1 32 1 1 3 35 2
37 99 0 69 1 1 9 2 1 1 34 1 1 6 40 2
38 99 0 76 1 1 5 1 1 1 32 1 1 2 38 1
39 99 0 41 1 1 7 1 1 1 31 1 1 100 37 1
40 99 0 57 1 1 7 1 1 1 32 1 1 100 38 1
41 99 0 66 1 1 7 1 1 1 32 2 1 100 35 1
42 99 0 65 1 1 10 3 1 1 33 3 1 5 43 3
43 99 0 49 1 1 6 1 1 1 32 1 1 100 37 1
44 99 0 67 1 1 5 1 1 1 30 2 1 100 32 1
45 99 0 61 1 1 12 2 1 1 33 1 1 3 35 2
46 99 0 70 1 1 8 2 1 1 32 1 1 2 37 2
47 99 0 38 1 1 8 3 1 1 33 2 1 5 37 3
48 99 0 51 1 1 10 4 1 1 33 1 1 2 42 4
49 99 0 48 1 1 8 1 1 1 33 1 1 2 37 1
50 99 0 50 1 1 7 1 1 1 32 1 1 2 35 1
51 99 1 51 1 1 7 2 1 1 32 1 1 5 40 2
52 99 0 46 1 1 10 3 1 1 33 1 1 100 37 3
53 99 0 57 1 1 9 1 1 1 32 1 1 2 38 1
54 99 0 74 1 1 7 1 1 1 32 1 1 100 36 1
55 99 0 69 1 1 4 1 1 1 31 1 1 2 32 1
56 99 0 42 1 1 9 1 1 1 32 1 1 2 40 1
57 99 0 38 1 1 5 1 1 1 32 2 1 100 36 1
58 99 0 45 1 1 7 1 1 1 31 1 1 100 32 1
59 99 0 36 1 1 10 3 1 1 33 3 1 6 34 3
60 99 0 39 1 1 8 2 1 1 32 2 1 3 38 2
61 99 0 55 1 1 6 1 1 1 32 1 1 2 35 1
62 99 0 45 1 1 6 1 1 1 31 2 1 100 33 1
63 99 0 60 1 1 10 1 1 1 33 1 1 100 36 1
64 99 0 51 1 1 8 1 1 1 32 1 1 100 38 1
65 99 0 54 1 1 11 2 1 1 33 2 1 4 41 2
66 99 0 68 1 1 7 1 1 1 32 1 1 100 35 1
67 99 0 67 1 1 8 3 1 1 34 2 1 3 38 3
68 99 0 67 1 1 8 2 1 1 32 1 1 3 38 2
69 99 0 40 1 1 11 2 1 1 33 2 1 100 41 2
70 99 0 59 1 1 12 1 1 1 34 1 1 2 39 1
71 99 0 76 1 1 9 1 1 1 33 1 1 100 40 1
72 99 0 38 1 1 7 1 1 1 32 1 1 100 35 1
73 99 0 47 1 1 8 1 1 1 32 3 1 100 36 1
74 99 0 43 1 1 9 1 1 1 33 1 1 2 40 1
75 99 0 54 1 1 9 2 1 1 33 1 1 8 41 2
76 99 0 49 1 1 10 1 1 1 33 2 1 100 42 1
77 99 0 77 1 1 5 2 1 1 32 1 1 2 34 2
78 99 0 51 1 1 5 2 1 1 31 2 1 3 36 2
79 99 0 65 1 1 12 3 1 1 33 3 1 6 39 3
80 99 0 72 1 1 11 2 1 1 33 2 2 100 38 2
81 99 0 76 1 1 8 1 1 1 33 1 1 100 37 1
82 99 0 63 1 1 10 2 1 1 33 5 1 100 37 2
83 99 0 70 1 1 8 1 1 1 32 3 1 100 37 1
84 99 0 69 1 1 7 2 1 1 32 1 1 2 40 2
85 99 0 51 1 1 9 1 1 1 33 1 1 100 34 1
86 99 0 67 1 1 5 1 1 1 31 1 1 100 34 1
87 99 0 40 1 1 8 1 1 1 32 1 1 100 35 1
88 99 0 40 1 1 5 1 1 1 32 1 1 3 34 1
89 99 0 70 1 1 7 1 1 1 32 1 1 2 36 1
90 99 0 57 1 1 8 1 1 1 32 2 2 100 39 1
91 99 0 47 1 1 7 1 1 1 32 2 1 100 37 1
92 99 0 39 1 1 10 2 1 1 33 1 1 2 39 2
93 99 0 40 1 1 9 2 1 1 33 2 1 4 39 2
94 99 0 37 1 1 10 1 1 1 33 1 1 2 41 1
95 99 0 55 1 1 6 1 1 1 33 1 1 100 38 1
96 99 0 37 1 1 8 1 1 1 33 7 1 100 38 1
97 99 0 48 1 1 7 1 1 1 32 2 1 100 38 1
98 99 0 44 1 1 8 1 1 1 33 1 1 100 39 1
99 99 0 43 1 1 6 1 1 1 32 1 1 100 39 1
100 99 0 61 1 1 5 1 1 1 32 1 1 100 37 1
