1 99 5 37 1 1 5 1 1 1 30 5 1 100 42 1
2 99 5 63 1 1 5 1 1 1 30 5 1 100 40 1
3 99 5 37 1 1 5 1 1 1 30 5 1 100 42 1
4 99 5 61 1 1 5 1 1 1 29 5 1 100 42 1
5 99 5 37 1 1 5 1 1 1 29 5 1 100 42 1
6 99 5 63 1 1 5 1 1 1 30 5 2 100 41 1
7 99 5 73 1 1 5 1 1 1 29 5 1 100 41 1
8 99 5 66 1 1 5 1 1 1 30 5 1 100 40 1
9 99 5 64 1 1 5 1 1 1 30 5 1 100 41 1
10 99 5 39 1 1 5 1 1 1 29 5 3 100 41 1
11 99 5 71 1 1 5 1 1 1 29 5 2 100 43 1
12 99 5 57 1 1 5 1 1 1 29 5 1 100 41 1
13 99 5 60 1 1 5 1 1 1 29 5 2 100 41 1
14 99 5 62 1 1 5 1 1 1 29 5 1 100 41 1
15 99 5 65 1 1 5 1 1 1 29 5 2 100 40 1
16 99 5 61 1 1 5 1 1 1 30 5 1 100 42 1
17 99 5 37 1 1 5 1 1 1 30 5 1 100 42 1
18 99 5 65 1 1 5 1 1 1 29 5 1 100 40 1
19 99 5 44 1 1 5 1 1 1 29 5 1 100 42 1
20 99 5 60 1 1 5 1 1 1 30 5 1 100 43 1
21 99 5 63 1 1 5 1 1 1 29 5 2 100 42 1
22 99 5 45 1 1 5 1 1 1 29 5 1 100 41 1
23 99 5 38 1 1 5 1 1 1 30 5 1 100 42 1
24 99 6 70 1 1 5 1 1 1 30 5 1 100 42 1
25 99 5 71 1 1 5 1 1 1 29 5 1 100 41 1
26 99 5 79 1 1 5 1 1 1 30 5 1 100 40 1
27 99 5 36 1 1 5 1 1 1 29 5 1 100 42 1
28 99 5 69 1 1 5 1 1 1 30 5 1 100 43 1
29 99 5 58 1 1 5 1 1 1 30 5 1 100 42 1
30 99 5 49 1 1 5 1 1 1 30 5 1 100 42 1
31 99 5 39 1 1 5 1 1 1 30 5 1 100 40 1
32 99 5 67 1 1 5 1 1 1 29 5 1 100 41 1
33 99 5 76 1 1 5 1 1 1 29 5 1 100 41 1
34 99 5 68 1 1 5 1 1 1 29 5 1 100 42 1
35 99 5 38 1 1 5 1 1 1 29 5 1 100 40 1
36 99 5 68 1 1 5 1 1 1 29 5 1 100 42 1
37 99 5 35 1 1 5 1 1 1 29 5 3 100 40 1
38 99 5 43 1 1 5 1 1 1 29 5 1 100 41 1
39 99 5 36 1 1 5 1 1 1 30 5 1 100 41 1
40 99 5 54 1 1 5 1 1 1 29 5 1 100 42 1
41 99 5 52 1 1 5 1 1 1 29 5 1 100 42 1
42 99 5 45 1 1 5 1 1 1 29 5 1 100 41 1
43 99 5 78 1 1 5 1 1 1 29 5 1 100 41 1
44 99 5 38 1 1 5 1 1 1 29 5 1 100 40 1
45 99 5 78 1 1 5 1 1 1 30 5 1 100 43 1
46 99 5 40 1 1 5 1 1 1 30 5 1 100 39 1
47 99 5 56 1 1 5 1 1 1 29 5 1 100 42 1
48 99 5 40 1 1 5 1 1 1 29 5 1 100 40 1
49 99 5 38 1 1 5 1 1 1 30 5 1 100 42 1
50 99 5 38 1 1 5 1 1 1 29 5 1 100 42 1
51 99 5 42 1 1 5 1 1 1 30 5 1 100 40 1
52 99 5 71 1 1 5 1 1 1 29 5 1 100 41 1
53 99 5 63 1 1 5 1 1 1 30 5 1 100 43 1
54 99 5 40 1 1 5 1 1 1 29 5 1 100 42 1
55 99 5 42 1 1 5 1 1 1 30 4 1 100 42 1
56 99 5 48 1 1 5 1 1 1 29 5 1 100 42 1
57 99 5 59 1 1 5 1 1 1 30 5 4 100 40 1
58 99 5 71 1 1 5 1 1 1 29 5 2 100 40 1
59 99 5 39 1 1 5 1 1 1 29 5 1 100 41 1
60 99 5 36 1 1 5 1 1 1 30 5 1 100 41 1
61 99 5 66 1 1 5 1 1 1 30 5 1 100 41 1
62 99 5 37 1 1 5 1 1 1 30 5 1 100 40 1
63 99 5 69 1 1 5 1 1 1 29 5 1 100 42 1
64 99 5 36 1 1 5 1 1 1 29 5 1 100 41 1
65 99 5 72 1 1 5 1 1 1 30 5 1 100 41 1
66 99 5 56 1 1 5 1 1 1 29 5 1 100 42 1
67 99 5 49 1 1 5 1 1 1 30 5 1 100 42 1
68 99 5 66 1 1 5 1 1 1 30 5 1 100 42 1
69 99 5 38 1 1 5 1 1 1 30 5 1 100 42 1
70 99 5 66 1 1 5 1 1 1 30 5 1 100 41 1
71 99 5 65 1 1 5 1 1 1 30 5 1 100 42 1
72 99 5 52 1 1 5 1 1 1 29 5 1 100 40 1
73 99 5 66 1 1 5 1 1 1 29 5 1 100 41 1
74 99 5 37 1 1 5 1 1 1 30 5 1 100 42 1
75 99 5 36 1 1 5 1 1 1 29 5 1 100 41 1
76 99 5 39 1 1 5 1 1 1 30 5 2 100 40 1
77 99 5 77 1 1 5 1 1 1 30 5 1 100 42 1
78 99 5 42 1 1 5 1 1 1 29 5 1 100 41 1
79 99 5 38 1 1 5 1 1 1 30 5 1 100 40 1
80 99 5 43 1 1 5 1 1 1 29 5 1 100 41 1
81 99 5 37 1 1 5 1 1 1 30 5 1 100 41 1
82 99 5 58 1 1 5 1 1 1 29 5 1 100 40 1
83 99 5 40 1 1 5 1 1 1 30 5 1 100 41 1
84 99 5 65 1 1 5 1 1 1 30 5 1 100 39 1
85 99 5 59 1 1 5 1 1 1 29 5 1 100 39 1
86 99 5 48 1 1 5 1 1 1 29 5 1 100 41 1
87 99 5 61 1 1 5 1 1 1 30 5 2 100 42 1
88 99 5 47 1 1 5 1 1 1 29 5 1 100 41 1
89 99 5 36 1 1 5 1 1 1 29 5 1 100 41 1
90 99 5 42 1 1 5 1 1 1 29 5 2 100 42 1
91 99 5 57 1 1 5 1 1 1 29 5 2 100 42 1
92 99 5 76 1 1 5 1 1 1 29 5 1 100 41 1
93 99 5 49 1 1 5 1 1 1 30 5 1 100 41 1
94 99 5 35 1 1 5 1 1 1 30 5 1 100 40 1
95 99 5 73 1 1 5 1 1 1 29 5 1 100 40 1
96 99 5 67 1 1 5 1 1 1 30 5 1 100 42 1
97 99 5 75 1 1 5 1 1 1 29 5 1 100 41 1
98 99 5 44 1 1 5 1 1 1 29 5 1 100 42 1
99 99 5 38 1 1 5 1 1 1 29 5 1 100 42 1
100 99 5 38 1 1 5 1 1 1 30 5 1 100 40 1
