1 99 0 62 1 1 13 2 1 1 34 13 1 100 36 2
2 99 0 75 1 1 16 4 1 1 35 1 1 2 36 4
3 99 0 43 1 1 19 2 1 1 36 1 1 2 39 2
4 99 0 73 1 1 15 1 1 1 35 1 1 2 37 1
5 99 0 73 1 10 19 8 1 1 36 1 1 2 33 8
6 99 0 51 1 1 17 1 1 1 35 1 1 2 36 1
7 99 14 52 1 1 14 2 1 1 34 14 1 100 31 2
8 99 14 73 1 10 12 1 1 1 34 7 1 100 36 1
9 99 0 64 1 1 17 1 1 1 35 1 1 100 37 1
10 99 0 51 1 1 16 2 1 1 35 2 1 100 33 2
11 99 0 76 1 1 18 6 1 1 37 3 1 5 41 6
12 99 0 55 1 1 20 2 1 1 36 1 1 2 36 2
13 99 14 31 1 1 14 1 1 1 34 1 1 100 32 1
14 99 0 58 1 1 13 3 1 1 34 3 1 6 33 3
15 99 0 28 1 1 18 3 1 1 36 1 1 2 35 3
16 99 0 33 1 1 15 3 1 1 35 2 1 100 37 3
17 99 17 37 1 1 15 1 1 1 34 7 2 100 32 1
18 99 0 70 1 1 18 2 1 1 36 1 1 2 37 2
19 99 0 54 1 1 16 1 1 1 34 1 1 2 32 1
20 99 16 51 1 1 15 2 1 1 35 1 1 100 36 2
21 99 0 31 1 1 19 2 1 1 35 1 1 3 34 2
22 99 0 57 1 1 12 4 1 1 33 1 1 2 29 4
23 99 14 65 1 1 14 1 1 1 34 13 2 100 33 1
24 99 15 76 1 1 15 2 1 1 34 2 1 100 34 2
25 99 0 59 1 1 16 6 1 1 35 1 1 4 35 6
26 99 14 36 1 1 14 1 1 1 34 1 1 2 33 1
27 99 0 33 1 1 18 3 1 1 36 1 1 2 39 3
28 99 0 36 1 1 19 7 1 1 36 1 1 2 38 7
29 99 0 65 1 1 15 1 1 1 35 1 1 2 35 1
30 99 0 32 1 1 16 3 1 1 35 1 1 2 34 3
31 99 17 54 1 1 16 2 1 1 35 7 1 100 33 2
32 99 15 29 1 1 14 2 1 1 34 13 1 100 33 2
33 99 0 49 1 1 17 4 1 1 35 1 1 3 37 4
34 99 0 41 1 1 16 2 1 1 35 1 1 2 35 2
35 99 0 47 1 1 17 5 1 1 35 1 1 3 33 5
36 99 0 66 1 10 16 2 1 1 35 2 1 100 33 2
37 99 12 28 1 1 14 2 1 1 35 1 1 2 35 2
38 99 0 33 1 1 16 2 1 1 35 1 1 100 35 2
39 99 12 77 1 1 12 1 1 1 34 12 1 100 32 1
40 99 13 34 1 1 13 1 1 1 33 11 1 100 32 1
41 99 0 36 1 1 16 5 1 1 35 1 1 8 40 5
42 99 16 45 1 1 14 2 1 1 34 2 1 100 33 2
43 99 15 52 1 1 12 1 1 1 33 8 1 100 28 1
44 99 0 38 1 1 17 2 1 1 35 1 1 3 33 2
45 99 0 71 1 1 16 4 1 1 34 1 1 6 32 4
46 99 0 68 1 1 13 3 1 1 35 2 1 100 34 3
47 99 0 35 1 1 16 4 1 1 35 1 1 2 37 4
48 99 0 58 1 1 15 1 1 1 35 1 1 2 33 1
49 99 0 35 1 1 15 3 1 1 34 2 2 100 33 3
50 99 0 56 1 1 15 2 1 1 35 1 1 100 35 2
51 99 0 58 1 10 17 4 1 1 35 2 1 100 33 4
52 99 0 71 1 1 13 1 1 1 33 1 1 100 34 1
53 99 17 61 1 1 14 1 1 1 34 11 2 100 33 1
54 99 0 47 1 10 11 3 1 1 33 1 1 23 29 3
55 99 0 45 1 1 17 1 1 1 35 1 1 2 33 1
56 99 13 49 1 1 13 1 1 1 34 11 1 100 32 1
57 99 0 50 1 1 14 1 1 1 34 11 2 100 31 1
58 99 0 56 1 1 19 4 1 1 36 1 1 100 34 4
59 99 0 61 1 1 14 1 1 1 34 2 1 100 37 1
60 99 0 75 1 1 13 2 1 1 33 1 1 2 31 2
61 99 0 64 1 1 15 1 1 1 34 11 1 100 34 1
62 99 14 48 1 1 13 1 1 1 34 13 1 100 33 1
63 99 12 70 1 1 14 1 1 1 35 1 1 100 36 1
64 99 0 47 1 1 17 2 1 1 35 2 1 4 36 2
65 99 0 51 1 1 16 1 1 1 35 7 1 100 35 1
66 99 0 27 1 1 17 2 1 1 35 2 1 3 38 2
67 99 0 63 1 1 15 1 1 1 34 13 1 100 34 1
68 99 6 28 1 1 17 3 1 1 35 1 1 100 35 3
69 99 0 72 1 1 16 1 1 1 35 1 1 2 37 1
70 99 18 33 1 1 17 3 1 1 35 2 2 100 34 3
71 99 12 77 1 1 12 1 1 1 34 10 1 100 31 1
72 99 0 71 1 1 16 2 1 1 35 2 1 100 34 2
73 99 0 28 1 1 16 2 1 1 35 16 1 100 35 2
74 99 0 61 1 10 17 4 1 1 35 1 1 100 35 4
75 99 15 28 1 10 15 4 1 1 34 2 1 5 33 4
76 99 0 62 1 1 16 2 1 1 34 1 1 2 35 2
77 99 0 44 1 1 16 1 1 1 34 1 1 2 34 1
78 99 0 74 1 1 17 4 1 1 36 1 1 6 37 4
79 99 15 55 1 1 13 1 1 1 34 1 1 100 32 1
80 99 17 38 1 1 17 2 1 1 36 1 1 100 35 2
81 99 1 29 1 1 17 1 1 1 35 4 1 100 34 1
82 99 12 46 1 1 12 2 1 1 34 12 1 100 32 2
83 99 0 35 1 1 16 2 1 1 35 1 1 2 34 2
84 99 14 28 1 1 13 1 1 1 34 6 1 100 31 1
85 99 13 41 1 1 13 1 1 1 34 13 1 100 29 1
86 99 17 46 1 1 13 1 1 1 34 1 1 100 31 1
87 99 12 26 1 1 13 2 1 1 34 1 1 2 31 2
88 99 0 53 1 10 16 1 1 1 35 1 1 100 36 1
89 99 14 53 1 1 13 1 1 1 34 1 1 100 34 1
90 99 0 35 1 1 15 3 1 1 35 1 1 2 34 3
91 99 4 65 1 1 16 1 1 1 35 3 1 100 39 1
92 99 0 39 1 10 15 1 1 1 34 1 1 2 33 1
93 99 12 49 1 1 15 2 1 1 35 1 1 100 37 2
94 99 1 29 1 1 16 1 1 1 35 1 1 100 35 1
95 99 13 35 1 1 13 1 1 1 34 1 1 100 35 1
96 99 15 34 1 1 14 1 1 1 35 12 1 100 34 1
97 99 13 73 1 10 13 2 1 1 35 10 1 100 36 2
98 99 14 32 1 1 14 2 1 1 34 11 1 100 33 2
99 99 15 74 1 10 14 1 1 1 33 6 3 100 33 1
100 99 0 38 1 1 15 3 1 1 34 2 1 4 35 3
