1 99 10 61 1 1 10 1 1 1 31 10 4 100 37 1
2 99 10 72 1 1 10 1 1 1 31 10 1 100 36 1
3 99 10 39 1 1 10 1 1 1 32 10 1 100 36 1
4 99 11 57 1 1 10 1 1 1 31 10 1 100 37 1
5 99 10 70 1 1 10 1 1 1 31 10 1 100 36 1
6 99 10 45 1 1 10 1 1 1 31 10 1 100 36 1
7 99 11 73 1 1 10 1 1 1 30 10 1 100 37 1
8 99 10 71 1 1 10 1 1 1 31 10 1 100 37 1
9 99 10 48 1 1 10 1 1 1 31 10 1 100 36 1
10 99 10 55 1 1 10 1 1 1 30 10 1 100 36 1
11 99 10 75 1 1 10 1 1 1 31 10 1 100 36 1
12 99 10 56 1 1 10 1 1 1 31 10 2 100 36 1
13 99 10 53 1 1 10 1 1 1 31 10 1 100 37 1
14 99 10 43 1 1 10 1 1 1 31 10 1 100 36 1
15 99 10 67 1 1 10 1 1 1 31 10 8 100 35 1
16 99 10 31 1 1 10 1 1 1 31 10 1 100 36 1
17 99 10 79 1 1 10 1 1 1 31 10 1 100 36 1
18 99 10 62 1 1 10 1 1 1 31 10 1 100 37 1
19 99 10 67 1 1 10 1 1 1 31 10 1 100 36 1
20 99 10 32 1 1 10 1 1 1 31 10 1 100 36 1
21 99 10 62 1 1 10 1 1 1 31 10 1 100 35 1
22 99 10 57 1 1 10 1 1 1 31 10 2 100 36 1
23 99 10 34 1 1 10 1 1 1 31 10 1 100 36 1
24 99 10 39 1 1 10 1 1 1 31 10 1 100 36 1
25 99 10 29 1 1 10 1 1 1 30 10 2 100 37 1
26 99 10 66 1 1 10 1 1 1 31 10 1 100 37 1
27 99 10 69 1 1 10 1 1 1 31 10 1 100 38 1
28 99 10 73 1 1 10 1 1 1 31 10 1 100 36 1
29 99 10 73 1 1 10 1 1 1 31 10 2 100 36 1
30 99 10 33 1 1 10 1 1 1 31 10 1 100 35 1
31 99 10 66 1 1 10 1 1 1 31 10 1 100 37 1
32 99 10 64 1 1 10 1 1 1 31 10 2 100 36 1
33 99 10 33 1 1 10 1 1 1 31 10 1 100 38 1
34 99 10 37 1 1 10 1 1 1 31 10 1 100 36 1
35 99 10 37 1 1 10 1 1 1 30 10 1 100 35 1
36 99 10 43 1 1 10 1 1 1 31 10 1 100 38 1
37 99 10 55 1 1 10 1 1 1 31 10 1 100 36 1
38 99 10 44 1 1 10 1 1 1 31 10 1 100 37 1
39 99 10 65 1 1 10 1 1 1 31 10 1 100 35 1
40 99 10 62 1 1 10 1 1 1 31 10 1 100 36 1
41 99 10 30 1 1 10 1 1 1 31 10 1 100 36 1
42 99 10 59 1 1 10 1 1 1 31 10 2 100 36 1
43 99 10 67 1 1 10 1 1 1 31 10 1 100 37 1
44 99 10 67 1 1 10 1 1 1 31 10 1 100 35 1
45 99 10 43 1 1 10 1 1 1 31 10 1 100 37 1
46 99 10 62 1 1 10 1 1 1 31 10 2 100 35 1
47 99 10 47 1 1 10 1 1 1 31 10 2 100 37 1
48 99 10 45 1 1 10 1 1 1 31 10 2 100 37 1
49 99 10 69 1 1 10 1 1 1 31 10 2 100 36 1
50 99 10 76 1 1 10 1 1 1 31 10 1 100 35 1
51 99 10 70 1 1 10 1 1 1 31 10 1 100 37 1
52 99 10 47 1 1 10 1 1 1 31 10 1 100 36 1
53 99 11 65 1 1 10 1 1 1 31 10 1 100 36 1
54 99 10 78 1 1 10 1 1 1 30 10 1 100 37 1
55 99 10 52 1 1 10 1 1 1 31 10 3 100 36 1
56 99 10 31 1 1 10 1 1 1 31 10 2 100 39 1
57 99 10 42 1 1 10 1 1 1 31 10 5 100 37 1
58 99 10 39 1 1 10 1 1 1 31 10 1 100 36 1
59 99 10 39 1 1 10 1 1 1 31 10 1 100 37 1
60 99 10 61 1 1 10 1 1 1 31 10 2 100 37 1
61 99 10 76 1 1 10 1 1 1 31 10 1 100 37 1
62 99 10 32 1 1 10 1 1 1 31 10 2 100 36 1
63 99 10 68 1 1 10 1 1 1 31 10 2 100 37 1
64 99 10 42 1 1 10 1 1 1 31 10 1 100 38 1
65 99 10 50 1 1 10 1 1 1 31 10 1 100 35 1
66 99 10 55 1 1 10 1 1 1 30 10 1 100 38 1
67 99 10 35 1 1 10 1 1 1 31 10 2 100 36 1
68 99 10 48 1 1 10 1 1 1 31 10 1 100 36 1
69 99 10 67 1 1 10 1 1 1 31 10 1 100 36 1
70 99 10 30 1 1 10 1 1 1 31 10 1 100 36 1
71 99 10 74 1 1 10 1 1 1 31 10 1 100 37 1
72 99 10 75 1 1 10 1 1 1 31 10 1 100 37 1
73 99 10 57 1 1 10 1 1 1 31 10 1 100 36 1
74 99 10 45 1 1 10 1 1 1 32 10 1 100 37 1
75 99 10 38 1 1 10 1 1 1 31 10 1 100 37 1
76 99 10 48 1 1 10 1 1 1 31 10 2 100 37 1
77 99 10 35 1 1 10 1 1 1 30 10 1 100 37 1
78 99 10 39 1 1 10 1 1 1 31 10 2 100 36 1
79 99 10 37 1 1 10 1 1 1 31 10 1 100 36 1
80 99 10 64 1 1 10 1 1 1 31 10 1 100 36 1
81 99 10 41 1 1 10 1 1 1 31 10 1 100 35 1
82 99 10 59 1 1 10 1 1 1 31 10 1 100 36 1
83 99 10 31 1 1 10 1 1 1 31 10 3 100 37 1
84 99 10 44 1 1 10 1 1 1 31 10 1 100 37 1
85 99 10 59 1 1 10 1 1 1 31 10 1 100 35 1
86 99 10 67 1 1 10 1 1 1 31 10 1 100 38 1
87 99 10 55 1 1 10 1 1 1 31 10 1 100 37 1
88 99 10 76 1 1 10 1 1 1 31 10 3 100 36 1
89 99 10 74 1 1 10 1 1 1 31 10 1 100 37 1
90 99 10 48 1 1 10 1 1 1 31 10 1 100 38 1
91 99 10 33 1 1 10 1 1 1 31 10 2 100 35 1
92 99 10 70 1 1 10 1 1 1 31 10 1 100 35 1
93 99 10 60 1 1 10 1 1 1 31 10 2 100 37 1
94 99 10 32 1 1 10 1 1 1 31 10 1 100 37 1
95 99 10 67 1 1 10 1 1 1 31 10 2 100 37 1
96 99 10 71 1 1 10 1 1 1 31 10 2 100 37 1
97 99 10 42 1 1 10 1 1 1 31 10 1 100 38 1
98 99 10 73 1 1 10 1 1 1 31 10 1 100 37 1
99 99 11 71 1 1 10 1 1 1 31 10 1 100 38 1
100 99 10 30 1 1 10 1 1 1 31 10 1 100 36 1
