1 99 23 20 20 20 23 13 1 1 38 23 1 100 30 10
2 99 25 20 20 20 25 16 1 1 38 1 1 2 32 10
3 99 0 20 1 20 25 17 1 1 39 1 1 2 33 10
4 99 24 20 20 20 24 20 1 1 38 2 1 100 31 10
5 99 0 20 20 20 26 22 1 1 39 1 1 2 29 10
6 99 0 21 20 20 25 13 1 1 39 1 1 2 33 9
7 99 23 21 20 20 22 4 1 1 37 21 1 100 27 4
8 99 27 20 20 20 25 13 1 1 38 21 21 100 31 10
9 99 27 20 20 20 27 18 1 1 39 22 1 100 33 10
10 99 0 20 20 20 27 8 1 1 39 2 1 4 32 8
11 99 0 20 20 20 27 7 1 1 39 1 1 2 33 7
12 99 0 20 20 20 26 22 1 1 39 1 1 2 29 10
13 99 24 20 20 20 24 21 1 1 38 1 1 100 27 10
14 99 25 20 20 20 25 7 1 1 38 1 1 100 31 7
15 99 26 20 20 20 24 8 1 1 38 21 1 100 30 8
16 99 23 20 20 20 23 19 1 1 37 1 1 2 27 10
17 99 27 20 20 20 25 5 1 1 39 1 1 100 34 5
18 99 99 21 20 20 27 20 1 1 38 1 1 3 29 10
19 99 21 20 20 20 25 9 1 1 38 21 1 100 32 9
20 99 28 20 20 20 28 12 1 1 39 1 1 100 33 9
21 99 0 20 20 20 24 19 1 1 37 1 1 2 28 10
22 99 23 20 20 20 23 10 1 1 37 23 21 100 29 10
23 99 26 20 20 20 25 8 1 1 38 21 21 100 29 8
24 99 0 20 20 20 26 19 1 1 39 1 1 2 30 10
25 99 27 20 20 20 25 19 1 1 37 1 1 100 27 10
26 99 0 20 20 20 26 11 1 1 39 1 1 2 33 10
27 99 0 20 20 20 29 19 1 1 40 1 1 2 34 10
28 99 25 20 20 20 25 7 1 1 39 22 1 100 32 7
29 99 0 20 20 20 24 18 1 1 38 1 1 2 31 10
30 99 24 20 20 20 24 6 1 1 38 1 1 100 32 6
31 99 24 20 20 20 24 19 1 1 38 21 1 100 29 10
32 99 99 20 20 20 24 19 1 1 38 1 1 2 30 10
33 99 0 20 20 20 24 11 1 1 38 1 1 2 29 10
34 99 0 20 20 20 25 21 1 1 38 1 1 2 29 10
35 99 27 20 20 20 26 10 1 1 39 23 1 100 32 10
36 99 24 20 20 20 24 20 1 1 38 23 21 100 30 10
37 99 24 20 20 20 23 19 1 1 37 22 1 100 26 10
38 99 21 20 20 20 21 19 1 1 38 1 1 100 30 10
39 99 23 20 20 20 22 10 1 1 37 20 18 100 28 10
40 99 24 20 20 20 23 16 1 1 38 22 2 100 32 10
41 99 22 20 20 20 22 16 1 1 37 20 1 100 28 10
42 99 0 20 20 20 25 17 1 1 37 1 1 2 27 10
43 99 21 20 20 20 26 17 1 1 39 1 1 2 30 10
44 99 99 20 20 20 25 21 1 1 38 1 1 2 31 10
45 99 0 20 20 20 26 21 1 1 39 1 1 2 30 10
46 99 21 20 20 20 25 9 1 1 38 21 1 100 31 9
47 99 26 20 20 20 25 16 1 1 37 22 2 100 28 9
48 99 25 20 20 20 24 10 1 1 38 1 1 100 29 10
49 99 28 20 20 20 28 10 1 1 39 1 1 100 32 10
50 99 25 20 20 20 25 8 1 1 38 24 1 100 28 8
51 99 24 20 20 20 24 14 1 1 38 1 1 100 30 10
52 99 23 20 20 20 22 18 1 1 37 21 1 100 25 10
53 99 26 20 20 20 26 21 1 1 38 1 1 100 29 10
54 99 25 21 20 20 22 16 1 1 37 20 20 100 26 10
55 99 26 20 20 20 24 10 1 1 37 23 1 100 27 10
56 99 25 20 20 20 28 23 1 1 39 24 1 100 32 10
57 99 24 20 20 20 23 19 1 1 37 20 1 100 28 10
58 99 0 21 20 20 23 21 1 1 37 1 1 2 26 10
59 99 25 20 20 20 25 10 1 1 38 21 3 100 30 10
60 99 24 20 20 20 24 6 1 1 38 22 1 100 31 6
61 99 0 20 20 20 25 4 1 1 38 1 1 2 32 4
62 99 0 20 20 20 23 18 1 1 37 1 1 2 28 10
63 99 23 20 20 20 23 11 1 1 38 21 21 100 31 10
64 99 0 20 20 20 26 23 1 1 39 1 1 2 31 10
65 99 26 20 20 20 26 1 1 1 39 24 22 100 32 1
66 99 26 20 20 20 26 15 1 1 39 1 1 100 31 10
67 99 21 20 20 20 24 15 1 1 38 1 1 100 32 10
68 99 21 20 20 20 24 18 1 1 38 1 1 100 29 10
69 99 24 20 20 20 24 5 1 1 38 24 19 100 30 5
70 99 26 20 20 20 25 19 1 1 38 23 21 100 30 10
71 99 25 20 20 20 25 17 1 1 39 24 1 100 33 10
72 99 30 20 20 20 28 4 1 1 39 1 1 100 33 4
73 99 0 20 20 20 24 14 1 1 37 1 1 2 28 9
74 99 25 20 20 20 23 22 1 1 37 22 1 63 26 10
75 99 29 20 20 20 28 22 1 1 40 1 1 100 31 10
76 99 25 20 20 20 25 17 1 1 38 20 1 100 30 10
77 99 26 20 20 20 26 11 1 1 39 2 1 100 33 10
78 99 25 21 20 20 23 20 1 1 37 21 2 100 26 10
79 99 24 20 20 20 22 19 1 1 38 21 1 100 28 10
80 99 0 20 20 20 26 18 1 1 39 1 1 2 30 10
81 99 22 20 20 20 22 17 1 1 37 21 1 100 28 10
82 99 24 20 20 20 23 19 1 1 37 22 1 100 28 10
83 99 22 21 20 20 22 19 1 1 37 21 20 100 27 10
84 99 23 21 20 20 22 19 1 1 37 21 1 100 26 10
85 99 24 21 20 20 24 15 1 1 37 22 1 100 30 10
86 99 22 20 20 20 22 15 1 1 37 22 20 100 27 10
87 99 0 20 20 20 26 22 1 1 39 1 1 2 32 10
88 99 27 20 20 20 25 20 1 1 38 21 1 100 28 10
89 99 0 20 20 20 24 21 1 1 38 1 1 2 31 10
90 99 21 20 20 20 23 8 1 1 38 20 1 100 30 8
91 99 21 20 20 20 24 8 1 1 38 21 1 100 31 8
92 99 22 20 20 20 22 2 1 1 38 22 1 100 31 2
93 99 23 20 20 20 25 9 1 1 38 21 21 100 31 9
94 99 23 20 20 20 22 16 1 1 37 20 1 100 29 10
95 99 23 20 20 20 23 6 1 1 38 21 1 100 29 6
96 99 25 20 20 20 24 23 1 1 38 3 1 57 28 10
97 99 0 20 20 20 26 18 1 1 38 1 1 2 31 10
98 99 26 20 20 20 26 19 1 1 38 1 1 100 28 10
99 99 24 20 20 20 23 20 1 1 38 22 21 100 28 10
100 99 25 20 20 20 24 17 1 1 38 1 1 100 29 10
