1 99 10 55 1 1 6 1 1 1 30 10 4 100 43 1
2 99 12 63 1 1 7 1 1 1 31 7 1 100 41 1
3 99 10 39 1 1 8 1 1 1 31 10 1 100 39 1
4 99 11 37 1 1 7 1 1 1 30 9 1 100 41 1
5 99 11 70 1 1 6 1 1 1 30 1 1 100 42 1
6 99 10 45 1 1 8 1 1 1 30 10 1 100 41 1
7 99 11 73 1 1 8 1 1 1 30 11 1 100 42 1
8 99 11 71 1 1 8 1 1 1 30 10 1 100 40 1
9 99 10 48 1 1 6 1 1 1 30 10 1 100 41 1
10 99 10 55 1 1 8 1 1 1 30 10 1 100 41 1
11 99 10 75 1 1 7 1 1 1 30 10 1 100 42 1
12 99 10 42 1 1 7 1 1 1 30 98 2 100 42 1
13 99 11 42 1 1 7 1 1 1 30 8 1 100 41 1
14 99 10 43 1 1 7 1 1 1 30 10 1 100 40 1
15 99 0 35 1 1 7 1 1 1 30 10 1 100 41 1
16 99 10 60 1 1 8 1 1 1 31 10 1 100 41 1
17 99 11 79 1 1 7 1 1 1 30 10 2 100 41 1
18 99 0 62 1 1 7 1 1 1 30 10 1 100 41 1
19 99 10 67 1 1 7 1 1 1 31 10 1 100 39 1
20 99 10 76 1 1 7 1 1 1 30 10 1 100 40 1
21 99 11 62 1 1 7 1 1 1 30 10 1 100 40 1
22 99 10 57 1 1 6 1 1 1 30 10 1 100 40 1
23 99 0 38 1 1 5 1 1 1 30 10 1 100 43 1
24 99 0 39 1 1 6 1 1 1 30 10 1 100 41 1
25 99 0 79 1 1 6 1 1 1 30 2 1 100 41 1
26 99 11 41 1 1 7 1 1 1 30 7 1 100 41 1
27 99 0 69 1 1 7 1 1 1 30 10 1 100 42 1
28 99 10 73 1 1 7 1 1 1 31 1 1 100 42 1
29 99 11 73 1 1 7 1 1 1 31 9 1 100 40 1
30 99 11 53 1 1 7 1 1 1 30 99 1 100 40 1
31 99 13 66 1 1 7 1 1 1 31 10 1 100 41 1
32 99 0 64 1 1 6 1 1 1 30 9 1 100 40 1
33 99 0 53 1 1 6 1 1 1 30 1 1 100 41 1
34 99 11 34 1 1 7 1 1 1 30 10 1 100 41 1
35 99 10 37 1 1 8 1 1 1 30 10 1 100 40 1
36 99 11 63 1 1 6 1 1 1 30 4 1 100 41 1
37 99 10 55 1 1 6 1 1 1 30 10 1 100 41 1
38 99 10 51 1 1 8 1 1 1 30 10 1 100 41 1
39 99 11 43 1 1 7 1 1 1 30 9 1 100 41 1
40 99 2 65 1 1 6 1 1 1 30 2 1 100 40 1
41 99 1 38 1 1 7 1 1 1 30 1 1 100 40 1
42 99 11 38 1 1 8 1 1 1 30 99 2 100 40 1
43 99 11 67 1 1 8 1 1 1 30 10 1 100 42 1
44 99 12 67 1 1 8 1 1 1 30 10 1 100 40 1
45 99 10 43 1 1 7 1 1 1 30 10 1 100 41 1
46 99 10 62 1 1 5 1 1 1 30 5 1 100 39 1
47 99 10 47 1 1 7 1 1 1 30 10 1 100 41 1
48 99 11 72 1 1 6 1 1 1 30 10 1 100 41 1
49 99 12 75 1 1 7 1 1 1 30 9 1 100 40 1
50 99 10 76 1 1 6 1 1 1 30 10 1 100 39 1
51 99 0 35 1 1 8 1 1 1 30 9 1 100 39 1
52 99 11 35 1 1 8 1 1 1 31 9 1 100 40 1
53 99 0 70 1 1 7 1 1 1 30 8 1 100 40 1
54 99 0 78 1 1 6 1 1 1 30 10 1 100 43 1
55 99 10 68 1 1 7 1 1 1 30 10 3 100 40 1
56 99 11 42 1 1 8 1 1 1 30 10 2 100 42 1
57 99 11 48 1 1 7 1 1 1 30 10 1 100 41 1
58 99 0 38 1 1 7 1 1 1 30 10 1 100 40 1
59 99 12 39 1 1 8 1 1 1 30 10 1 100 42 1
60 99 10 61 1 1 8 1 1 1 31 10 2 100 40 1
61 99 11 58 1 1 7 1 1 1 30 1 1 100 42 1
62 99 12 74 1 1 7 1 1 1 30 10 2 100 41 1
63 99 12 37 1 1 6 1 1 1 30 99 1 100 42 1
64 99 10 39 1 1 7 1 1 1 31 10 1 100 41 1
65 99 1 71 1 1 6 1 1 1 30 1 1 100 41 1
66 99 10 37 1 1 6 1 1 1 30 10 1 100 41 1
67 99 11 35 1 1 6 1 1 1 31 10 1 100 41 1
68 99 10 48 1 1 6 1 1 1 30 10 1 100 40 1
69 99 11 67 1 1 7 1 1 1 30 1 1 100 40 1
70 99 10 43 1 1 8 1 1 1 30 10 1 100 42 1
71 99 12 74 1 1 6 1 1 1 31 9 1 100 40 1
72 99 9 52 1 1 7 1 1 1 30 9 1 100 42 1
73 99 11 58 1 1 8 1 1 1 30 10 1 100 39 1
74 99 0 37 1 1 7 1 1 1 31 10 1 100 42 1
75 99 12 38 1 1 8 1 1 1 31 1 1 100 41 1
76 99 10 71 1 1 6 1 1 1 30 3 2 100 41 1
77 99 11 35 1 1 6 1 1 1 30 10 1 100 40 1
78 99 11 39 1 1 7 1 1 1 30 10 2 100 40 1
79 99 11 37 1 1 7 1 1 1 31 10 1 100 40 1
80 99 11 69 1 1 9 1 1 1 30 9 1 100 40 1
81 99 0 35 1 1 7 1 1 1 30 10 1 100 39 1
82 99 10 59 1 1 9 1 1 1 31 10 1 100 42 1
83 99 11 38 1 1 7 1 1 1 31 10 1 100 40 1
84 99 11 35 1 1 6 1 1 1 30 10 1 100 41 1
85 99 10 59 1 1 8 1 1 1 30 10 1 100 40 1
86 99 13 67 1 1 7 1 1 1 30 1 1 100 41 1
87 99 10 55 1 1 8 1 1 1 30 10 1 100 41 1
88 99 12 56 1 1 7 1 1 1 31 6 3 100 41 1
89 99 11 74 1 1 7 1 1 1 30 10 1 100 42 1
90 99 10 38 1 1 7 1 1 1 31 1 1 100 40 1
91 99 10 37 1 1 7 1 1 1 30 10 1 100 38 1
92 99 10 79 1 1 8 1 1 1 30 10 1 100 39 1
93 99 10 60 1 1 8 1 1 1 30 10 2 100 41 1
94 99 11 59 1 1 8 1 1 1 30 9 1 100 41 1
95 99 11 37 1 1 7 1 1 1 30 10 2 100 42 1
96 99 11 48 1 1 7 1 1 1 30 9 1 100 41 1
97 99 12 42 1 1 7 1 1 1 30 10 1 100 42 1
98 99 10 35 1 1 7 1 1 1 30 1 1 100 41 1
99 99 0 71 1 1 6 1 1 1 30 2 1 100 41 1
100 99 10 51 1 1 8 1 1 1 31 10 1 100 40 1
