1 99 0 41 1 1 2 1 1 1 30 98 99 100 42 1
2 99 0 45 1 1 1 1 1 1 30 99 99 100 43 1
3 99 0 39 1 1 1 1 1 1 30 98 98 100 43 1
4 99 0 74 1 1 1 1 1 1 30 2 99 100 43 1
5 99 0 74 1 1 1 1 1 1 30 99 99 100 43 1
6 99 0 61 1 1 1 1 1 1 30 99 99 100 44 1
7 99 0 42 1 1 1 1 1 1 30 3 99 100 43 1
8 99 0 75 1 1 1 1 1 1 30 1 99 100 43 1
9 99 0 43 1 1 1 1 1 1 30 1 1 100 43 1
10 99 0 73 1 1 1 1 1 1 30 3 99 100 41 1
11 99 0 71 1 1 2 1 1 1 30 99 99 100 42 1
12 99 0 40 1 1 1 1 1 1 30 1 99 100 41 1
13 99 0 37 1 1 1 1 1 1 30 99 99 100 41 1
14 99 0 75 1 1 1 1 1 1 30 97 99 100 44 1
15 99 0 73 1 1 1 1 1 1 30 93 99 100 42 1
16 99 0 39 1 1 1 1 1 1 30 1 99 100 42 1
17 99 0 50 1 1 1 1 1 1 30 2 99 100 42 1
18 99 0 53 1 1 1 1 1 1 30 89 99 100 43 1
19 99 0 70 1 1 1 1 1 1 30 99 99 100 44 1
20 99 0 68 1 1 1 1 1 1 30 97 99 100 43 1
21 99 0 40 1 1 1 1 1 1 29 1 99 100 44 1
22 99 0 72 1 1 1 1 1 1 30 94 99 100 44 1
23 99 0 56 1 1 1 1 1 1 29 99 99 100 44 1
24 99 0 55 1 1 1 1 1 1 30 98 99 100 43 1
25 99 0 39 1 1 1 1 1 1 30 7 99 100 44 1
26 99 0 43 1 1 1 1 1 1 30 2 1 100 44 1
27 99 0 43 1 1 1 1 1 1 30 99 99 100 41 1
28 99 0 50 1 1 1 1 1 1 29 2 99 100 43 1
29 99 0 60 1 1 1 1 1 1 30 95 99 100 43 1
30 99 0 39 1 1 1 1 1 1 30 99 99 100 44 1
31 99 0 39 1 1 1 1 1 1 30 5 99 100 43 1
32 99 0 58 1 1 1 1 1 1 30 81 99 100 43 1
33 99 0 49 1 1 1 1 1 1 30 5 99 100 43 1
34 99 0 79 1 1 1 1 1 1 30 98 99 100 44 1
35 99 0 40 1 1 2 1 1 1 30 98 99 100 42 1
36 99 0 39 1 1 1 1 1 1 30 98 99 100 43 1
37 99 0 72 1 1 1 1 1 1 30 99 99 100 42 1
38 99 0 42 1 1 1 1 1 1 30 1 99 100 43 1
39 99 0 37 1 1 1 1 1 1 30 98 99 100 42 1
40 99 0 73 1 1 1 1 1 1 30 99 99 100 42 1
41 99 0 75 1 1 2 1 1 1 30 4 99 100 43 1
42 99 0 67 1 1 1 1 1 1 30 99 99 100 42 1
43 99 0 55 1 1 1 1 1 1 30 99 99 100 42 1
44 99 0 44 1 1 1 1 1 1 30 96 97 100 42 1
45 99 0 73 1 1 1 1 1 1 30 1 99 100 42 1
46 99 0 64 1 1 2 1 1 1 30 95 99 100 41 1
47 99 0 66 1 1 1 1 1 1 30 3 98 100 43 1
48 99 0 37 1 1 1 1 1 1 30 99 99 100 43 1
49 99 0 59 1 1 1 1 1 1 30 7 99 100 42 1
50 99 0 78 1 1 1 1 1 1 30 1 1 100 42 1
51 99 0 52 1 1 1 1 1 1 30 99 99 100 43 1
52 99 0 73 1 1 1 1 1 1 30 95 99 100 42 1
53 99 0 37 1 1 1 1 1 1 30 1 99 100 43 1
54 99 0 67 1 1 1 1 1 1 30 97 99 100 43 1
55 99 0 46 1 1 1 1 1 1 30 1 99 100 44 1
56 99 0 41 1 1 1 1 1 1 30 98 99 100 43 1
57 99 0 41 1 1 1 1 1 1 30 4 99 100 44 1
58 99 0 65 1 1 1 1 1 1 30 1 99 100 44 1
59 99 0 67 1 1 2 1 1 1 30 2 98 100 44 1
60 99 0 43 1 1 1 1 1 1 30 1 99 100 43 1
61 99 0 59 1 1 1 1 1 1 30 1 99 100 43 1
62 99 0 56 1 1 1 1 1 1 30 99 99 100 43 1
63 99 0 50 1 1 1 1 1 1 30 1 99 100 43 1
64 99 0 68 1 1 1 1 1 1 30 99 99 100 43 1
65 99 0 40 1 1 1 1 1 1 30 91 99 100 43 1
66 99 0 77 1 1 1 1 1 1 30 98 99 100 42 1
67 99 0 39 1 1 1 1 1 1 30 1 99 100 42 1
68 99 0 50 1 1 1 1 1 1 30 6 99 100 42 1
69 99 0 38 1 1 1 1 1 1 30 99 99 100 43 1
70 99 0 39 1 1 2 1 1 1 30 2 1 100 42 1
71 99 0 50 1 1 1 1 1 1 30 1 99 100 45 1
72 99 0 59 1 1 1 1 1 1 30 99 99 100 43 1
73 99 0 77 1 1 1 1 1 1 30 99 99 100 43 1
74 99 0 65 1 1 2 1 1 1 30 3 97 100 42 1
75 99 0 38 1 1 1 1 1 1 30 6 99 100 42 1
76 99 0 47 1 1 1 1 1 1 29 99 99 100 45 1
77 99 0 41 1 1 1 1 1 1 30 5 98 100 43 1
78 99 0 38 1 1 2 1 1 1 30 98 99 100 44 1
79 99 0 39 1 1 1 1 1 1 30 97 99 100 42 1
80 99 0 42 1 1 1 1 1 1 30 98 99 100 44 1
81 99 0 39 1 1 2 1 1 1 30 35 99 100 43 1
82 99 0 63 1 1 2 1 1 1 30 2 99 100 43 1
83 99 0 60 1 1 1 1 1 1 30 99 99 100 42 1
84 99 0 52 1 1 1 1 1 1 30 3 99 100 43 1
85 99 0 66 1 1 1 1 1 1 30 1 1 100 44 1
86 99 0 40 1 1 1 1 1 1 30 99 99 100 43 1
87 99 0 50 1 1 1 1 1 1 30 1 99 100 44 1
88 99 0 63 1 1 1 1 1 1 30 1 99 100 43 1
89 99 0 57 1 1 1 1 1 1 30 1 99 100 43 1
90 99 0 51 1 1 1 1 1 1 30 8 98 100 43 1
91 99 0 39 1 1 1 1 1 1 30 1 97 100 45 1
92 99 0 64 1 1 2 1 1 1 30 96 99 100 43 1
93 99 0 73 1 1 1 1 1 1 30 97 99 100 43 1
94 99 0 72 1 1 1 1 1 1 30 1 99 100 43 1
95 99 0 78 1 1 1 1 1 1 30 10 99 100 44 1
96 99 0 63 1 1 1 1 1 1 30 1 99 100 43 1
97 99 0 58 1 1 1 1 1 1 30 1 99 100 44 1
98 99 0 60 1 1 1 1 1 1 30 4 99 100 43 1
99 99 0 71 1 1 2 1 1 1 30 2 99 100 43 1
100 99 0 64 1 1 1 1 1 1 30 99 99 100 43 1
