1 99 5 5 5 5 10 7 1 1 32 5 5 11 17 7
2 99 6 5 5 5 13 7 1 1 34 5 5 13 20 7
3 99 0 5 5 5 18 7 1 1 35 1 1 2 23 7
4 99 5 5 5 5 13 7 1 1 33 5 5 11 18 7
5 99 7 5 5 5 14 10 1 1 34 6 1 16 18 10
6 99 6 5 5 5 10 6 1 1 32 6 1 12 17 6
7 99 5 5 5 5 10 5 1 1 32 5 5 11 15 5
8 99 5 5 5 5 10 5 1 1 32 5 5 10 17 5
9 99 5 5 5 5 12 7 1 1 33 5 5 11 20 7
10 99 6 5 5 5 11 6 1 1 32 5 5 11 15 6
11 99 7 5 5 5 15 8 1 1 35 7 5 16 25 8
12 99 7 5 5 5 14 9 1 1 34 7 7 16 20 9
13 99 5 5 5 5 10 6 1 1 32 5 5 11 13 6
14 99 6 5 5 5 11 7 1 1 32 5 5 12 14 7
15 99 7 5 5 5 14 10 1 1 34 5 5 15 19 10
16 99 6 5 5 5 11 6 1 1 33 5 5 11 16 6
17 99 5 5 5 5 10 7 1 1 32 5 5 11 14 7
18 99 5 5 5 5 14 7 1 1 33 5 5 12 18 7
19 99 6 5 5 5 13 7 1 1 34 6 5 13 17 7
20 99 5 5 5 5 10 6 1 1 32 5 5 11 18 6
21 99 6 5 5 5 13 6 1 1 34 5 5 12 19 6
22 99 0 5 5 5 11 6 1 1 32 6 1 2 14 6
23 99 5 5 5 5 10 5 1 1 32 5 5 10 13 5
24 99 5 5 5 5 11 5 1 1 33 5 5 10 18 5
25 99 5 5 5 5 12 5 1 1 32 5 5 10 16 5
26 99 7 5 5 5 12 7 1 1 33 1 1 11 20 7
27 99 6 5 5 5 12 8 1 1 33 6 6 13 17 8
28 99 5 5 5 5 16 6 1 1 35 5 5 11 24 6
29 99 7 5 5 5 13 9 1 1 33 6 5 15 18 9
30 99 6 5 5 5 12 7 1 1 33 5 5 12 16 7
31 99 0 5 5 5 12 8 1 1 33 6 1 2 18 8
32 99 5 5 5 5 11 5 1 1 33 5 5 10 18 5
33 99 5 5 5 5 10 5 1 1 33 5 5 10 16 5
34 99 6 5 5 5 11 8 1 1 33 6 5 13 17 8
35 99 6 5 5 5 11 7 1 1 33 6 1 11 17 7
36 99 6 5 5 5 11 7 1 1 32 5 5 12 15 7
37 99 6 5 5 5 14 7 1 1 34 5 5 12 20 7
38 99 6 5 5 5 9 6 1 1 32 5 5 11 15 6
39 99 5 5 5 5 10 6 1 1 32 5 5 11 13 6
40 99 5 5 5 5 11 5 1 1 32 5 5 10 15 5
41 99 5 5 5 5 9 5 1 1 31 5 5 10 11 5
42 99 8 5 5 5 15 8 1 1 34 8 5 13 21 8
43 99 5 5 5 5 8 5 1 1 32 5 5 10 16 5
44 99 5 5 5 5 8 5 1 1 31 5 5 10 10 5
45 99 6 5 5 5 15 6 1 1 34 5 1 10 18 6
46 99 6 5 5 5 12 7 1 1 33 5 5 12 18 7
47 99 5 5 5 5 12 7 1 1 33 5 1 11 16 7
48 99 6 5 5 5 14 9 1 1 34 6 1 14 20 9
49 99 6 5 5 5 12 6 1 1 33 5 5 11 18 6
50 99 5 5 5 5 11 5 1 1 32 5 1 10 13 5
51 99 5 5 5 5 11 7 1 1 33 5 5 11 16 7
52 99 5 5 5 5 12 8 1 1 33 5 5 12 17 8
53 99 5 5 5 5 11 6 1 1 33 5 5 11 17 6
54 99 5 5 5 5 10 5 1 1 32 5 5 10 15 5
55 99 6 5 5 5 7 6 1 1 31 5 5 11 10 6
56 99 6 5 5 5 12 6 1 1 32 5 5 12 17 6
57 99 5 6 5 5 7 5 1 1 31 5 5 10 13 5
58 99 5 5 5 5 10 5 1 1 31 5 5 10 12 5
59 99 5 5 5 5 14 8 1 1 33 5 5 12 16 8
60 99 5 5 5 5 11 6 1 1 32 5 1 10 15 6
61 99 6 5 5 5 8 6 1 1 32 6 6 12 13 6
62 99 5 5 5 5 9 5 1 1 32 5 5 10 12 5
63 99 5 5 5 5 12 6 1 1 33 5 5 11 17 6
64 99 5 5 5 5 11 5 1 1 33 5 5 10 17 5
65 99 7 5 5 5 13 8 1 1 34 7 7 15 19 8
66 99 5 5 5 5 12 5 1 1 33 5 5 10 16 5
67 99 7 5 5 5 12 8 1 1 34 7 5 14 18 8
68 99 5 5 5 5 11 7 1 1 33 5 5 12 16 7
69 99 5 5 5 5 15 7 1 1 34 5 5 11 21 7
70 99 6 5 5 5 16 6 1 1 34 5 5 11 20 6
71 99 5 5 5 5 14 6 1 1 34 5 5 11 19 6
72 99 5 6 5 5 10 5 1 1 32 5 5 10 14 5
73 99 5 5 5 5 11 5 1 1 33 5 5 10 17 5
74 99 5 5 5 5 12 6 1 1 33 5 5 11 18 6
75 99 5 5 5 5 14 7 1 1 34 5 5 12 19 7
76 99 5 5 5 5 14 7 1 1 34 5 5 11 20 7
77 99 7 5 5 5 9 7 1 1 32 6 5 13 12 7
78 99 5 5 5 5 9 7 1 1 31 5 5 11 12 7
79 99 6 5 5 5 16 8 1 1 34 5 5 14 20 8
80 99 5 5 5 5 13 7 1 1 33 5 5 11 17 7
81 99 5 5 5 5 12 5 1 1 33 5 1 10 16 5
82 99 5 5 5 5 13 7 1 1 33 5 5 11 16 7
83 99 5 5 5 5 12 5 1 1 32 5 5 10 17 5
84 99 6 5 5 5 12 7 1 1 33 6 5 13 17 7
85 99 5 5 5 5 12 6 1 1 33 5 5 11 14 6
86 99 5 5 5 5 8 5 1 1 31 5 5 10 12 5
87 99 5 5 5 5 13 5 1 1 33 5 5 10 15 5
88 99 6 5 5 5 9 6 1 1 32 5 5 11 13 6
89 99 5 5 5 5 8 5 1 1 32 5 5 10 13 5
90 99 5 5 5 5 11 5 1 1 33 5 5 10 17 5
91 99 5 5 5 5 10 5 1 1 32 5 5 11 14 5
92 99 8 5 5 5 13 8 1 1 33 6 1 13 16 8
93 99 6 5 5 5 13 6 1 1 33 5 5 10 17 6
94 99 6 5 5 5 13 6 1 1 33 6 6 12 18 6
95 99 5 5 5 5 11 5 1 1 33 5 5 10 16 5
96 99 5 5 5 5 11 5 1 1 33 5 5 10 16 5
97 99 5 5 5 5 11 5 1 1 32 5 5 10 16 5
98 99 5 5 5 5 11 6 1 1 33 5 5 10 17 6
99 99 5 5 5 5 10 5 1 1 33 5 5 10 17 5
100 99 5 5 5 5 9 5 1 1 32 5 5 10 14 5
