1 99 0 51 1 1 9 2 1 1 33 5 1 100 38 2
2 99 0 33 1 1 12 3 1 1 34 1 1 2 40 3
3 99 0 58 1 1 15 2 1 1 35 1 1 2 41 2
4 99 0 43 1 1 12 2 1 1 33 2 1 100 39 2
5 99 0 62 1 1 13 6 1 1 34 1 1 9 39 6
6 99 0 56 1 1 9 2 1 1 33 1 1 2 38 2
7 99 0 69 1 1 10 1 1 1 32 5 2 100 34 1
8 99 4 56 1 1 9 1 1 1 33 2 1 100 40 1
9 99 0 39 1 1 11 2 1 1 34 2 2 100 41 2
10 99 0 70 1 1 10 1 1 1 32 1 1 2 33 1
11 99 0 76 1 1 15 3 1 1 35 2 1 4 45 3
12 99 0 40 1 1 13 3 1 1 34 2 2 4 39 3
13 99 0 71 1 1 10 1 1 1 33 1 1 100 35 1
14 99 0 65 1 1 11 2 1 1 33 1 1 2 34 2
15 99 0 78 1 1 14 4 1 1 34 2 1 6 37 4
16 99 0 62 1 1 10 1 1 1 33 1 1 2 35 1
17 99 0 35 1 1 10 2 1 1 32 1 1 100 37 2
18 99 0 54 1 1 13 3 1 1 34 3 1 100 38 3
19 99 0 37 1 1 12 2 1 1 34 1 1 2 37 2
20 99 0 35 1 1 9 1 1 1 33 4 1 100 39 1
21 99 0 52 1 1 11 1 1 1 34 1 1 2 38 1
22 99 0 39 1 1 10 2 1 1 32 1 1 2 32 2
23 99 0 54 1 1 9 1 1 1 32 1 1 100 33 1
24 99 0 47 1 1 9 1 1 1 33 1 1 100 38 1
25 99 0 34 1 1 11 1 1 1 33 2 1 100 36 1
26 99 0 71 1 1 12 3 1 1 34 1 1 4 38 3
27 99 0 58 1 1 11 4 1 1 34 1 1 2 36 4
28 99 0 71 1 1 14 1 1 1 35 1 1 100 43 1
29 99 0 65 1 1 13 5 1 1 34 1 1 3 38 5
30 99 0 62 1 1 11 2 1 1 33 1 1 2 36 2
31 99 0 77 1 1 12 3 1 1 33 1 1 2 40 3
32 99 0 46 1 1 10 1 1 1 33 1 1 100 38 1
33 99 0 37 1 1 10 1 1 1 33 4 1 100 37 1
34 99 0 77 1 1 9 3 1 1 33 1 1 2 39 3
35 99 0 54 1 1 11 3 1 1 33 2 1 4 37 3
36 99 0 68 1 1 10 2 1 1 33 1 1 3 33 2
37 99 0 69 1 1 13 1 1 1 34 1 1 2 40 1
38 99 0 76 1 1 8 1 1 1 33 1 1 2 36 1
39 99 0 70 1 1 9 1 1 1 32 1 1 100 36 1
40 99 0 79 1 1 9 1 1 1 33 1 1 100 37 1
41 99 7 66 1 1 8 1 1 1 32 1 1 100 34 1
42 99 0 65 1 1 14 3 1 1 34 3 1 5 42 3
43 99 0 49 1 1 8 1 1 1 33 8 1 100 36 1
44 99 0 67 1 1 8 1 1 1 31 3 1 100 30 1
45 99 0 35 1 1 12 3 1 1 34 1 1 2 34 3
46 99 0 70 1 1 10 2 1 1 33 1 1 2 36 2
47 99 0 38 1 1 10 3 1 1 33 2 1 4 35 3
48 99 0 77 1 1 14 4 1 1 34 1 1 2 42 4
49 99 0 48 1 1 12 1 1 1 34 1 1 2 36 1
50 99 0 74 1 1 10 2 1 1 33 1 1 2 34 2
51 99 0 35 1 1 10 2 1 1 33 3 1 6 38 2
52 99 0 39 1 1 12 3 1 1 33 2 2 100 37 3
53 99 0 57 1 1 11 1 1 1 33 1 1 100 37 1
54 99 0 74 1 1 9 1 1 1 33 8 1 100 35 1
55 99 0 69 1 1 7 1 1 1 31 1 1 2 31 1
56 99 0 74 1 1 11 1 1 1 33 1 1 2 38 1
57 99 9 53 1 1 7 1 1 1 32 4 1 100 35 1
58 99 0 45 1 1 8 1 1 1 32 1 1 100 32 1
59 99 0 36 1 1 13 3 1 1 34 2 1 6 33 3
60 99 0 39 1 1 9 1 1 1 33 1 1 2 37 1
61 99 0 37 1 1 8 1 1 1 32 1 1 2 35 1
62 99 0 35 1 1 8 1 1 1 32 1 1 100 32 1
63 99 0 60 1 1 11 2 1 1 33 2 2 100 35 2
64 99 0 51 1 1 10 1 1 1 33 1 1 100 37 1
65 99 0 54 1 1 12 3 1 1 34 2 1 4 39 3
66 99 0 68 1 1 10 1 1 1 33 5 1 100 35 1
67 99 0 55 1 1 11 4 1 1 34 1 1 3 37 4
68 99 0 53 1 1 11 2 1 1 33 1 1 6 37 2
69 99 0 40 1 1 14 2 1 1 34 2 1 100 40 2
70 99 0 59 1 1 15 1 1 1 34 1 1 2 38 1
71 99 0 36 1 1 12 1 1 1 34 1 1 100 38 1
72 99 0 61 1 1 10 1 1 1 32 3 1 100 33 1
73 99 0 35 1 1 10 1 1 1 33 1 1 100 36 1
74 99 0 36 1 1 10 1 1 1 33 1 1 100 39 1
75 99 0 54 1 1 13 2 1 1 34 1 1 100 40 2
76 99 0 36 1 1 13 1 1 1 34 1 1 100 40 1
77 99 0 67 1 1 8 3 1 1 32 1 1 2 33 3
78 99 0 37 1 1 8 2 1 1 31 2 1 5 35 2
79 99 0 65 1 1 14 3 1 1 34 3 1 6 39 3
80 99 0 50 1 1 12 3 1 1 34 3 2 100 35 3
81 99 1 66 1 1 10 1 1 1 33 1 1 2 37 1
82 99 0 63 1 1 11 3 1 1 33 6 1 100 36 3
83 99 0 43 1 1 11 1 1 1 33 1 1 100 36 1
84 99 0 38 1 1 11 2 1 1 33 1 1 2 37 2
85 99 0 39 1 1 11 1 1 1 33 1 1 100 33 1
86 99 0 67 1 1 8 1 1 1 32 1 1 100 32 1
87 99 0 65 1 1 12 1 1 1 33 1 1 100 33 1
88 99 0 40 1 1 8 1 1 1 32 1 1 2 34 1
89 99 0 40 1 1 8 1 1 1 32 1 1 2 35 1
90 99 0 67 1 1 10 1 1 1 33 9 1 100 38 1
91 99 0 63 1 1 9 1 1 1 32 7 1 100 34 1
92 99 0 35 1 1 12 2 1 1 34 1 1 2 37 2
93 99 0 56 1 1 11 2 1 1 33 2 2 4 37 2
94 99 0 37 1 1 12 1 1 1 34 1 1 2 39 1
95 99 0 35 1 1 10 1 1 1 33 5 1 100 37 1
96 99 0 37 1 1 11 1 1 1 33 1 1 100 37 1
97 99 0 48 1 1 9 1 1 1 33 1 1 100 37 1
98 99 0 44 1 1 11 1 1 1 33 1 1 100 37 1
99 99 0 37 1 1 9 1 1 1 33 3 1 100 38 1
100 99 0 61 1 1 8 1 1 1 32 4 1 100 35 1
