1 99 0 36 1 1 12 1 1 1 33 98 2 100 39 1
2 99 0 46 1 1 11 1 1 1 33 19 1 100 39 1
3 99 0 77 1 1 11 1 1 1 32 3 1 100 40 1
4 99 0 74 1 1 12 1 1 1 32 18 4 100 39 1
5 99 0 32 1 1 12 1 1 1 32 99 1 100 38 1
6 99 0 35 1 1 11 1 1 1 33 99 1 100 39 1
7 99 0 61 1 1 12 1 1 1 33 20 1 100 38 1
8 99 0 75 1 1 11 1 1 1 33 21 1 100 39 1
9 99 1 43 1 1 10 1 1 1 32 1 1 100 40 1
10 99 0 37 1 1 11 1 1 1 33 19 2 100 38 1
11 99 0 39 1 1 12 1 1 1 33 20 3 100 38 1
12 99 3 75 1 1 12 1 1 1 33 1 1 100 39 1
13 99 0 36 1 1 12 1 1 1 33 99 1 100 38 1
14 99 3 75 1 1 11 1 1 1 33 20 1 100 40 1
15 99 0 34 1 1 12 1 1 1 33 19 1 100 38 1
16 99 0 41 1 1 9 1 1 1 33 20 1 100 39 1
17 99 0 33 1 1 12 1 1 1 32 20 1 100 40 1
18 99 4 53 1 1 12 1 1 1 33 4 1 100 39 1
19 99 0 51 1 1 12 1 1 1 33 20 1 100 41 1
20 99 0 53 1 1 11 1 1 1 33 20 3 100 38 1
21 99 0 32 1 1 10 1 1 1 33 1 1 100 39 1
22 99 0 72 1 1 10 1 1 1 33 1 1 100 39 1
23 99 0 56 1 1 10 1 1 1 32 20 1 100 39 1
24 99 0 39 1 1 11 1 1 1 33 20 1 100 39 1
25 99 0 68 1 1 9 1 1 1 32 20 1 100 40 1
26 99 2 42 1 1 11 1 1 1 33 2 1 100 39 1
27 99 0 35 1 1 10 1 1 1 33 2 2 100 37 1
28 99 0 36 1 1 10 1 1 1 32 20 1 100 38 1
29 99 0 35 1 1 11 1 1 1 33 20 1 100 39 1
30 99 0 65 1 1 10 1 1 1 33 20 1 100 38 1
31 99 0 62 1 1 10 1 1 1 33 20 1 100 39 1
32 99 0 41 1 1 12 1 1 1 33 20 2 100 39 1
33 99 0 33 1 1 11 1 1 1 33 15 5 100 39 1
34 99 0 65 1 1 10 1 1 1 33 20 1 100 40 1
35 99 0 52 1 1 10 1 1 1 32 20 2 100 39 1
36 99 0 55 1 1 11 1 1 1 33 20 1 100 38 1
37 99 0 41 1 1 12 1 1 1 33 20 1 100 39 1
38 99 8 52 1 1 12 1 1 1 33 20 1 100 38 1
39 99 0 58 1 1 11 1 1 1 33 96 2 100 39 1
40 99 0 61 1 1 11 1 1 1 33 20 1 100 39 1
41 99 5 67 1 1 11 1 1 1 33 20 1 100 40 1
42 99 0 67 1 1 11 1 1 1 33 20 1 100 37 1
43 99 6 34 1 1 12 1 1 1 33 99 1 100 39 1
44 99 0 34 1 1 10 1 1 1 32 20 1 100 39 1
45 99 5 38 1 1 11 1 1 1 32 20 1 100 39 1
46 99 6 32 1 1 11 1 1 1 33 95 1 100 37 1
47 99 1 72 1 1 10 1 1 1 33 1 1 100 39 1
48 99 1 48 1 1 12 1 1 1 33 1 1 100 39 1
49 99 0 59 1 1 12 1 1 1 33 19 1 100 37 1
50 99 2 61 1 1 11 1 1 1 33 21 1 100 38 1
51 99 0 41 1 1 10 1 1 1 33 22 1 100 38 1
52 99 0 37 1 1 12 1 1 1 33 20 1 100 38 1
53 99 1 55 1 1 10 1 1 1 32 20 1 100 39 1
54 99 2 36 1 1 11 1 1 1 33 20 1 100 38 1
55 99 0 68 1 1 10 1 1 1 33 19 1 100 38 1
56 99 0 63 1 1 11 1 1 1 33 20 1 100 38 1
57 99 0 43 1 1 12 1 1 1 33 1 1 100 40 1
58 99 0 33 1 1 11 1 1 1 33 11 1 100 39 1
59 99 0 78 1 1 12 1 1 1 33 20 1 100 39 1
60 99 0 43 1 1 11 1 1 1 33 98 2 100 39 1
61 99 0 68 1 1 12 1 1 1 33 17 4 100 39 1
62 99 0 63 1 1 10 1 1 1 33 20 1 100 39 1
63 99 0 40 1 1 12 1 1 1 33 20 1 100 40 1
64 99 0 64 1 1 11 1 1 1 33 99 2 100 38 1
65 99 0 44 1 1 11 1 1 1 33 20 1 100 40 1
66 99 0 62 1 1 11 1 1 1 33 20 1 100 39 1
67 99 0 34 1 1 12 1 1 1 33 1 1 100 38 1
68 99 5 62 1 1 11 1 1 1 33 21 1 100 39 1
69 99 1 54 1 1 11 1 1 1 33 1 1 100 38 1
70 99 2 38 1 1 12 1 1 1 32 20 1 100 38 1
71 99 0 35 1 1 9 1 1 1 33 20 1 100 40 1
72 99 0 32 1 1 12 1 1 1 33 16 1 100 38 1
73 99 0 36 1 1 12 1 1 1 33 20 1 100 39 1
74 99 4 76 1 1 11 1 1 1 33 9 1 100 40 1
75 99 0 39 1 1 12 1 1 1 33 17 1 100 39 1
76 99 0 62 1 1 12 1 1 1 32 19 1 100 40 1
77 99 8 34 1 1 11 1 1 1 33 20 1 100 39 1
78 99 0 66 1 1 11 1 1 1 33 2 2 100 40 1
79 99 20 43 1 1 12 1 1 1 33 20 1 100 39 1
80 99 0 57 1 1 10 1 1 1 33 1 1 100 42 1
81 99 7 35 1 1 11 1 1 1 33 20 1 100 38 1
82 99 0 40 1 1 10 1 1 1 33 2 2 100 40 1
83 99 0 52 1 1 11 1 1 1 32 20 1 100 37 1
84 99 0 54 1 1 10 1 1 1 33 20 1 100 39 1
85 99 6 66 1 1 11 1 1 1 33 1 1 100 38 1
86 99 0 34 1 1 11 1 1 1 33 21 1 100 39 1
87 99 0 39 1 1 12 1 1 1 33 20 1 100 40 1
88 99 5 33 1 1 10 1 1 1 33 20 1 100 39 1
89 99 0 43 1 1 10 1 1 1 32 6 1 100 39 1
90 99 0 70 1 1 11 1 1 1 33 20 1 100 39 1
91 99 0 38 1 1 11 1 1 1 33 20 2 100 39 1
92 99 7 33 1 1 11 1 1 1 33 20 1 100 39 1
93 99 0 73 1 1 12 1 1 1 33 20 1 100 39 1
94 99 0 37 1 1 10 1 1 1 33 22 1 100 39 1
95 99 0 45 1 1 9 1 1 1 33 20 2 100 40 1
96 99 1 45 1 1 11 1 1 1 33 1 1 100 38 1
97 99 0 71 1 1 11 1 1 1 33 19 1 100 39 1
98 99 0 41 1 1 11 1 1 1 32 20 1 100 40 1
99 99 2 71 1 1 12 1 1 1 33 2 2 100 37 1
100 99 4 64 1 1 11 1 1 1 32 99 2 100 39 1
