1 99 20 20 20 20 20 20 1 1 35 20 20 57 25 10
2 99 20 20 20 20 20 20 1 1 35 20 20 55 24 10
3 99 20 20 20 20 20 20 1 1 34 20 20 100 24 10
4 99 20 21 20 20 20 20 1 1 34 20 20 54 25 10
5 99 20 20 20 20 20 20 1 1 34 20 20 54 23 10
6 99 21 21 20 20 20 20 1 1 35 20 20 100 25 10
7 99 20 26 1 20 20 20 1 1 35 20 20 55 26 10
8 99 21 20 20 20 20 20 1 1 35 20 20 59 25 10
9 99 21 21 20 20 20 20 1 1 34 20 20 56 24 10
10 99 21 20 20 20 20 20 1 1 34 20 20 54 24 10
11 99 20 20 20 20 20 20 1 1 35 20 20 100 25 10
12 99 20 20 20 20 20 20 1 1 35 20 20 55 25 10
13 99 20 20 20 20 20 20 1 1 34 20 20 54 24 10
14 99 20 20 20 20 20 20 1 1 35 20 20 100 25 10
15 99 21 20 20 20 20 20 1 1 35 20 20 54 25 10
16 99 20 20 20 20 20 20 1 1 35 20 20 54 25 10
17 99 21 20 20 20 20 20 1 1 34 20 20 54 23 10
18 99 20 20 20 20 20 20 1 1 35 20 20 55 25 10
19 99 20 20 20 20 20 20 1 1 35 20 20 58 26 10
20 99 20 20 20 20 20 20 1 1 34 20 20 57 25 10
21 99 21 21 1 20 20 20 1 1 35 20 20 59 26 10
22 99 20 20 20 20 20 20 1 1 35 20 20 100 26 10
23 99 20 20 20 20 20 20 1 1 34 20 20 52 24 10
24 99 20 20 20 20 20 20 1 1 35 20 20 55 25 10
25 99 20 20 20 20 20 20 1 1 34 20 20 58 26 10
26 99 20 20 20 20 20 20 1 1 35 20 20 61 26 10
27 99 21 21 1 20 20 20 1 1 35 20 20 59 26 10
28 99 20 20 20 20 20 20 1 1 34 20 20 57 24 10
29 99 20 20 20 20 20 20 1 1 34 20 20 55 24 10
30 99 20 20 20 20 20 20 1 1 35 20 20 57 24 10
31 99 20 20 1 20 20 20 1 1 35 20 20 56 26 10
32 99 21 20 20 20 20 20 1 1 35 20 20 56 25 10
33 99 20 20 1 20 20 20 1 1 35 20 20 54 25 10
34 99 20 20 20 20 20 20 1 1 35 20 20 57 25 10
35 99 20 20 20 20 20 20 1 1 34 20 20 55 25 10
36 99 20 20 20 20 20 20 1 1 35 20 20 56 24 10
37 99 20 20 20 20 20 20 1 1 35 20 20 56 25 10
38 99 20 20 20 20 20 20 1 1 35 20 20 55 24 10
39 99 21 21 20 20 20 20 1 1 35 20 20 55 25 10
40 99 20 20 20 20 20 20 1 1 35 20 20 57 25 10
41 99 20 20 20 20 20 20 1 1 34 20 20 54 25 10
42 99 20 20 20 20 20 20 1 1 35 20 20 57 24 10
43 99 20 20 20 20 20 20 1 1 35 20 20 56 24 10
44 99 21 21 20 20 20 20 1 1 34 20 20 55 24 10
45 99 21 20 20 20 20 20 1 1 34 20 20 53 24 10
46 99 20 20 20 20 20 20 1 1 35 20 20 58 24 10
47 99 20 20 20 20 20 20 1 1 35 20 20 56 25 10
48 99 20 20 20 20 20 20 1 1 35 20 20 56 24 10
49 99 20 20 20 20 20 20 1 1 35 20 20 55 25 10
50 99 21 21 20 20 20 20 1 1 35 20 20 54 24 10
51 99 20 20 20 20 20 20 1 1 35 20 20 56 25 10
52 99 22 21 1 20 20 20 1 1 35 20 20 58 26 10
53 99 20 20 20 20 20 20 1 1 35 20 20 100 25 10
54 99 22 21 20 20 20 20 1 1 35 20 20 55 25 10
55 99 20 20 20 20 20 20 1 1 35 20 20 54 25 10
56 99 21 21 1 20 20 20 1 1 35 20 20 55 25 10
57 99 20 20 20 20 20 20 1 1 35 20 20 57 25 10
58 99 20 20 20 20 20 20 1 1 35 20 20 56 26 10
59 99 20 20 20 20 20 20 1 1 35 20 20 56 25 10
60 99 21 20 20 20 20 20 1 1 35 20 20 56 25 10
61 99 21 20 20 20 20 20 1 1 34 20 20 54 25 10
62 99 20 20 20 20 20 20 1 1 35 20 20 100 26 10
63 99 20 20 20 20 20 20 1 1 35 20 20 57 25 10
64 99 21 64 1 20 20 20 1 1 35 20 20 56 25 10
65 99 20 20 20 20 20 20 1 1 35 20 20 61 25 10
66 99 21 21 20 20 20 20 1 1 35 20 20 58 26 10
67 99 20 20 20 20 20 20 1 1 35 20 20 53 25 10
68 99 21 20 1 20 20 20 1 1 35 20 20 58 26 10
69 99 20 20 20 20 20 20 1 1 35 20 20 58 25 10
70 99 20 20 20 20 20 20 1 1 34 20 20 52 23 10
71 99 20 20 20 20 20 20 1 1 35 20 20 100 25 10
72 99 20 20 20 20 20 20 1 1 34 20 20 52 24 10
73 99 20 21 20 20 20 20 1 1 35 20 20 59 25 10
74 99 22 22 1 20 20 20 1 1 35 20 20 58 25 10
75 99 20 20 20 20 20 20 1 1 35 20 20 54 25 10
76 99 21 20 20 20 20 19 1 1 34 20 20 52 24 10
77 99 20 20 20 20 20 20 1 1 35 20 20 55 25 10
78 99 21 24 1 20 20 20 1 1 35 20 20 100 27 10
79 99 20 20 20 20 20 20 1 1 35 20 20 56 24 10
80 99 20 20 20 20 20 20 1 1 35 20 20 59 25 10
81 99 20 20 20 20 20 20 1 1 35 20 20 56 25 10
82 99 22 21 20 20 20 20 1 1 35 20 20 57 26 10
83 99 20 20 20 20 20 20 1 1 34 20 20 53 23 10
84 99 20 22 20 20 20 20 1 1 35 20 20 59 25 10
85 99 21 28 20 20 20 20 1 1 35 20 20 56 26 10
86 99 21 21 1 20 20 20 1 1 35 20 20 55 25 10
87 99 20 21 20 20 20 20 1 1 34 20 20 53 24 10
88 99 20 20 20 20 20 20 1 1 34 20 20 51 25 10
89 99 20 20 20 20 20 20 1 1 34 20 20 55 25 10
90 99 20 20 20 20 20 20 1 1 34 20 20 56 24 10
91 99 20 20 20 20 20 20 1 1 35 20 20 56 25 10
92 99 20 20 20 20 20 20 1 1 35 20 20 56 24 10
93 99 21 21 20 20 20 20 1 1 34 20 20 55 25 10
94 99 20 22 20 20 20 20 1 1 35 20 20 100 25 10
95 99 20 20 20 20 20 20 1 1 35 20 20 100 25 10
96 99 20 20 20 20 20 20 1 1 34 20 20 53 24 10
97 99 20 20 20 20 20 20 1 1 35 20 20 56 24 10
98 99 22 20 20 20 20 20 1 1 34 20 20 57 24 10
99 99 20 23 20 20 20 20 1 1 34 20 20 53 24 10
100 99 20 20 20 20 20 20 1 1 34 20 20 55 24 10
