1 99 20 37 1 1 20 1 1 1 35 20 20 100 30 1
2 99 20 27 1 1 20 1 1 1 35 20 19 100 30 1
3 99 20 24 1 1 20 1 1 1 34 20 20 100 29 1
4 99 20 74 1 1 20 1 1 1 34 20 19 100 30 1
5 99 20 22 1 1 20 1 1 1 34 20 20 100 28 1
6 99 21 65 1 1 20 1 1 1 35 20 20 100 31 1
7 99 20 26 1 1 20 1 1 1 34 20 20 100 30 1
8 99 21 75 1 1 20 1 1 1 34 20 20 100 30 1
9 99 21 23 1 1 20 1 1 1 34 20 20 100 29 1
10 99 21 57 1 1 20 1 1 1 34 20 20 100 29 1
11 99 20 24 1 1 20 1 1 1 35 20 20 100 30 1
12 99 20 39 1 1 20 1 1 1 34 20 20 100 29 1
13 99 20 26 1 1 20 1 1 1 34 20 20 100 29 1
14 99 20 39 1 1 20 1 1 1 34 20 1 100 31 1
15 99 21 26 1 1 20 1 1 1 35 20 20 100 31 1
16 99 20 68 1 1 20 1 1 1 34 20 20 100 30 1
17 99 21 23 1 1 20 1 1 1 34 20 20 100 29 1
18 99 20 25 1 1 20 1 1 1 34 20 20 100 30 1
19 99 20 71 1 1 20 1 1 1 35 20 20 100 31 1
20 99 20 29 1 1 20 1 1 1 34 20 20 100 29 1
21 99 21 27 1 1 20 1 1 1 34 20 20 100 30 1
22 99 20 72 1 1 20 1 1 1 35 20 20 100 30 1
23 99 20 56 1 1 20 1 1 1 34 20 20 100 30 1
24 99 20 23 1 1 20 1 1 1 34 20 20 100 30 1
25 99 20 26 1 1 20 1 1 1 34 20 20 100 29 1
26 99 21 26 1 1 20 1 1 1 35 20 20 100 30 1
27 99 21 33 1 1 20 1 1 1 35 20 20 100 30 1
28 99 20 27 1 1 20 1 1 1 34 20 20 100 28 1
29 99 20 23 1 1 20 1 1 1 34 20 20 100 29 1
30 99 20 65 1 1 20 1 1 1 34 20 20 100 30 1
31 99 20 26 1 1 20 1 1 1 34 20 20 100 30 1
32 99 21 61 1 1 20 1 1 1 35 20 20 100 31 1
33 99 20 34 1 1 20 1 1 1 35 20 16 100 30 1
34 99 20 35 1 1 20 1 1 1 34 20 20 100 31 1
35 99 20 25 1 1 20 1 1 1 34 20 20 100 29 1
36 99 20 47 1 1 20 1 1 1 34 20 20 100 29 1
37 99 20 41 1 1 20 1 1 1 34 20 20 100 30 1
38 99 20 23 1 1 20 1 1 1 34 20 20 100 30 1
39 99 21 72 1 1 20 1 1 1 34 20 19 100 30 1
40 99 21 61 1 1 20 1 1 1 34 20 19 100 30 1
41 99 20 25 1 1 20 1 1 1 34 20 20 100 29 1
42 99 21 23 1 1 20 1 1 1 34 20 20 100 29 1
43 99 20 27 1 1 20 1 1 1 34 20 1 100 29 1
44 99 21 64 1 1 20 1 1 1 34 20 20 100 29 1
45 99 21 56 1 1 20 1 1 1 34 20 20 100 30 1
46 99 20 27 1 1 20 1 1 1 34 20 3 100 29 1
47 99 20 31 1 1 20 1 1 1 34 20 1 100 31 1
48 99 20 24 1 1 20 1 1 1 35 20 20 100 30 1
49 99 20 35 1 1 20 1 1 1 35 20 19 100 30 1
50 99 21 30 1 1 20 1 1 1 34 20 19 100 30 1
51 99 20 25 1 1 20 1 1 1 35 20 20 100 31 1
52 99 22 32 1 1 20 1 1 1 35 20 20 100 30 1
53 99 20 55 1 1 20 1 1 1 34 20 20 100 31 1
54 99 22 25 1 1 20 1 1 1 35 20 20 100 30 1
55 99 20 24 1 1 20 1 1 1 34 20 19 100 30 1
56 99 21 35 1 1 20 1 1 1 34 20 19 100 31 1
57 99 20 48 1 1 20 1 1 1 35 20 20 100 30 1
58 99 20 33 1 1 20 1 1 1 35 20 20 100 30 1
59 99 20 33 1 1 20 1 1 1 35 20 20 100 31 1
60 99 21 59 1 1 20 1 1 1 34 20 20 100 30 1
61 99 21 23 1 1 20 1 1 1 34 20 19 100 29 1
62 99 20 63 1 1 20 1 1 1 35 20 20 100 31 1
63 99 20 30 1 1 20 1 1 1 34 20 20 100 30 1
64 99 21 64 1 1 20 1 1 1 34 20 20 100 30 1
65 99 21 52 1 1 20 1 1 1 35 20 20 100 31 1
66 99 21 26 1 1 20 1 1 1 35 20 20 100 31 1
67 99 20 29 1 1 20 1 1 1 34 20 20 100 29 1
68 99 21 29 1 1 20 1 1 1 35 20 20 100 31 1
69 99 20 26 1 1 20 1 1 1 34 20 19 100 31 1
70 99 20 74 1 1 20 1 1 1 34 20 20 100 27 1
71 99 20 56 1 1 20 1 1 1 34 20 20 100 31 1
72 99 20 74 1 1 20 1 1 1 34 20 20 100 28 1
73 99 20 25 1 1 20 1 1 1 34 20 19 100 30 1
74 99 22 25 1 1 20 1 1 1 34 20 20 100 30 1
75 99 21 33 1 1 20 1 1 1 35 20 19 100 29 1
76 99 21 25 1 1 20 1 1 1 34 20 19 100 29 1
77 99 20 26 1 1 20 1 1 1 35 20 20 100 30 1
78 99 21 27 1 1 20 1 1 1 35 20 20 100 30 1
79 99 20 49 1 1 20 1 1 1 34 20 20 100 30 1
80 99 20 57 1 1 20 1 1 1 35 20 1 100 31 1
81 99 20 27 1 1 20 1 1 1 34 20 20 100 30 1
82 99 22 27 1 1 20 1 1 1 35 20 20 100 31 1
83 99 20 23 1 1 20 1 1 1 34 20 19 100 29 1
84 99 20 54 1 1 20 1 1 1 34 20 20 100 29 1
85 99 21 28 1 1 20 1 1 1 34 20 1 100 29 1
86 99 21 29 1 1 20 1 1 1 34 20 20 100 30 1
87 99 21 23 1 1 20 1 1 1 34 20 20 100 30 1
88 99 20 53 1 1 20 1 1 1 34 20 20 100 29 1
89 99 20 24 1 1 20 1 1 1 34 20 20 100 30 1
90 99 20 56 1 1 20 1 1 1 34 20 20 100 30 1
91 99 20 23 1 1 20 1 1 1 34 20 20 100 30 1
92 99 20 28 1 1 20 1 1 1 34 20 20 100 30 1
93 99 21 73 1 1 20 1 1 1 34 20 20 100 30 1
94 99 20 24 1 1 20 1 1 1 34 20 20 100 30 1
95 99 20 25 1 1 20 1 1 1 34 20 20 100 31 1
96 99 20 27 1 1 20 1 1 1 34 20 20 100 29 1
97 99 20 24 1 1 20 1 1 1 34 20 20 100 30 1
98 99 22 53 1 1 20 1 1 1 34 20 20 100 31 1
99 99 20 23 1 1 20 1 1 1 34 20 20 100 29 1
100 99 20 55 1 1 20 1 1 1 34 20 19 100 29 1
