1 99 5 64 5 5 5 5 1 1 30 5 5 10 29 5
2 99 5 35 5 5 5 5 1 1 30 5 5 10 28 5
3 99 5 46 5 5 5 5 1 1 30 5 5 10 31 5
4 99 5 61 5 5 5 5 1 1 29 5 5 10 30 5
5 99 5 28 5 5 5 5 1 1 29 5 4 10 31 5
6 99 5 26 5 5 5 5 1 1 30 5 5 10 29 5
7 99 5 73 5 5 5 5 1 1 29 5 5 10 28 5
8 99 5 23 5 5 5 5 1 1 30 5 5 10 28 5
9 99 5 27 5 5 5 5 1 1 30 5 5 10 30 5
10 99 5 39 5 5 5 5 1 1 29 5 5 10 29 5
11 99 5 49 5 5 5 5 1 1 29 5 5 10 31 5
12 99 5 23 5 5 5 5 1 1 29 5 5 10 29 5
13 99 5 60 5 5 5 5 1 1 29 5 5 10 27 5
14 99 5 62 5 5 5 5 1 1 29 5 5 10 29 5
15 99 5 65 5 5 5 5 1 1 29 5 5 10 28 5
16 99 5 74 5 5 5 5 1 1 30 5 2 10 31 5
17 99 5 56 5 5 5 5 1 1 30 5 5 10 29 5
18 99 5 31 5 5 5 5 1 1 29 5 5 10 28 5
19 99 5 64 5 5 5 5 1 1 29 5 5 10 30 5
20 99 5 67 5 5 5 5 1 1 30 5 5 10 31 5
21 99 5 75 5 5 5 5 1 1 29 5 5 10 30 5
22 99 5 71 5 5 5 5 1 1 29 5 5 10 29 5
23 99 5 38 5 5 5 5 1 1 30 5 4 10 30 5
24 99 5 34 5 5 5 5 1 1 30 5 1 10 30 5
25 99 5 26 5 5 5 5 1 1 29 5 5 10 28 5
26 99 5 38 5 5 5 5 1 1 30 5 5 10 28 5
27 99 5 73 5 5 5 5 1 1 29 5 5 10 30 5
28 99 5 53 5 5 5 5 1 1 30 5 5 10 29 5
29 99 5 74 5 5 5 5 1 1 30 5 5 10 32 5
30 99 5 26 5 5 5 5 1 1 30 5 5 10 29 5
31 99 5 68 5 5 5 5 1 1 30 5 5 10 29 5
32 99 5 74 5 5 5 5 1 1 29 5 5 10 29 5
33 99 5 66 5 5 5 5 1 1 29 5 5 10 30 5
34 99 5 68 5 5 5 5 1 1 29 5 5 10 30 5
35 99 5 38 5 5 5 5 1 1 29 5 5 10 28 5
36 99 5 61 5 5 5 5 1 1 29 5 2 10 32 5
37 99 5 22 5 5 5 5 1 1 29 5 3 10 27 5
38 99 5 38 5 5 5 5 1 1 29 5 5 10 27 5
39 99 5 24 5 5 5 5 1 1 30 5 5 10 30 5
40 99 5 71 5 5 5 5 1 1 29 5 5 10 29 5
41 99 5 24 5 5 5 5 1 1 29 5 5 10 28 5
42 99 5 32 5 5 5 5 1 1 29 5 5 10 29 5
43 99 5 27 5 5 5 5 1 1 29 5 4 10 29 5
44 99 5 74 5 5 5 5 1 1 29 5 5 10 29 5
45 99 5 53 5 5 5 5 1 1 30 5 5 10 31 5
46 99 5 28 5 5 5 5 1 1 30 5 5 10 29 5
47 99 5 56 5 5 5 5 1 1 29 5 5 10 29 5
48 99 5 31 5 5 5 5 1 1 29 5 5 10 29 5
49 99 5 28 5 5 5 5 1 1 30 5 5 10 29 5
50 99 5 38 5 5 5 5 1 1 29 5 5 10 28 5
51 99 5 71 5 5 5 5 1 1 30 5 5 10 29 5
52 99 5 71 5 5 5 5 1 1 29 5 5 10 29 5
53 99 5 69 5 5 5 5 1 1 30 5 5 10 30 5
54 99 5 50 5 5 5 5 1 1 29 5 5 10 31 5
55 99 5 60 5 5 5 5 1 1 30 5 4 10 30 5
56 99 5 48 5 5 5 5 1 1 29 5 5 10 30 5
57 99 5 59 5 5 5 5 1 1 30 5 5 10 29 5
58 99 5 71 5 5 5 5 1 1 29 5 5 10 29 5
59 99 5 64 5 5 5 5 1 1 29 5 1 10 29 5
60 99 5 49 5 5 5 5 1 1 30 5 5 10 29 5
61 99 5 66 5 5 5 5 1 1 30 5 5 10 29 5
62 99 5 69 5 5 5 5 1 1 30 5 5 10 29 5
63 99 5 30 5 5 5 5 1 1 29 5 5 10 29 5
64 99 5 36 5 5 5 5 1 1 29 5 5 10 30 5
65 99 5 72 5 5 5 5 1 1 30 5 4 10 30 5
66 99 5 69 5 5 5 5 1 1 29 5 5 10 29 5
67 99 5 32 5 5 5 5 1 1 30 5 5 10 32 5
68 99 5 66 5 5 5 5 1 1 30 5 5 10 29 5
69 99 5 27 5 5 5 5 1 1 30 5 5 10 31 5
70 99 5 57 5 5 5 5 1 1 30 5 5 10 29 5
71 99 5 66 5 5 5 5 1 1 30 5 5 10 30 5
72 99 5 27 5 5 5 5 1 1 29 5 3 10 28 5
73 99 5 66 5 5 5 5 1 1 30 5 5 10 30 5
74 99 5 66 5 5 5 5 1 1 30 5 3 10 30 5
75 99 5 34 5 5 5 5 1 1 29 5 5 10 30 5
76 99 5 34 5 5 5 5 1 1 30 5 5 10 30 5
77 99 5 30 5 5 5 5 1 1 30 5 5 10 28 5
78 99 5 42 5 5 5 5 1 1 29 5 5 10 29 5
79 99 5 31 5 5 5 5 1 1 30 5 5 10 30 5
80 99 5 39 5 5 5 5 1 1 29 5 4 10 29 5
81 99 5 30 5 5 5 5 1 1 30 5 5 10 30 5
82 99 5 58 5 5 5 5 1 1 29 5 5 10 28 5
83 99 5 43 5 5 5 5 1 1 30 5 4 10 30 5
84 99 5 65 5 5 5 5 1 1 30 5 5 10 29 5
85 99 5 26 5 5 5 5 1 1 29 5 5 10 28 5
86 99 5 25 5 5 5 5 1 1 29 5 5 10 29 5
87 99 5 61 5 5 5 5 1 1 30 5 2 10 29 5
88 99 5 31 5 5 5 5 1 1 29 5 5 10 30 5
89 99 5 66 5 5 5 5 1 1 29 5 5 10 28 5
90 99 5 75 5 5 5 5 1 1 30 5 5 10 30 5
91 99 5 32 5 5 5 5 1 1 29 5 2 10 30 5
92 99 5 76 5 5 5 5 1 1 29 5 5 10 30 5
93 99 5 34 5 5 5 5 1 1 30 5 4 10 31 5
94 99 5 63 5 5 5 5 1 1 30 5 5 10 29 5
95 99 5 73 5 5 5 5 1 1 29 5 1 10 27 5
96 99 5 67 5 5 5 5 1 1 30 5 5 10 30 5
97 99 5 23 5 5 5 5 1 1 30 5 5 10 30 5
98 99 5 45 5 5 5 5 1 1 29 5 5 10 30 5
99 99 5 29 5 5 5 5 1 1 29 5 5 10 29 5
100 99 5 69 5 5 5 5 1 1 30 5 5 10 31 5
