1 99 0 28 1 1 21 2 1 1 37 1 1 100 36 2
2 99 0 29 1 1 21 2 1 1 37 1 1 2 37 2
3 99 0 29 1 1 22 3 1 1 37 1 1 2 38 3
4 99 0 71 1 1 21 3 1 1 37 2 1 5 37 3
5 99 0 60 1 1 24 5 1 1 38 1 1 2 33 5
6 99 0 74 1 1 23 1 1 1 38 1 1 2 39 1
7 99 0 28 1 1 19 1 1 1 35 1 1 100 32 1
8 99 0 33 1 1 22 1 1 1 37 1 1 100 37 1
9 99 0 40 1 1 26 2 1 1 38 1 1 100 38 2
10 99 0 37 1 1 24 3 1 1 38 2 1 4 39 3
11 99 0 42 1 1 22 1 1 1 38 1 1 2 40 1
12 99 0 73 1 1 25 5 1 1 38 1 1 2 33 5
13 99 0 28 1 1 24 1 1 1 37 1 1 2 34 1
14 99 0 29 1 1 22 3 1 1 37 1 1 5 36 3
15 99 0 46 1 1 21 1 1 1 37 2 1 100 35 1
16 99 0 71 1 1 21 1 1 1 36 1 1 2 34 1
17 99 0 70 1 1 22 1 1 1 38 3 1 100 39 1
18 99 0 28 1 1 25 2 1 1 37 1 1 3 35 2
19 99 0 56 1 1 21 1 1 1 37 1 1 100 36 1
20 99 0 43 1 1 25 2 1 1 38 1 1 2 37 2
21 99 0 32 1 1 22 2 1 1 36 1 1 2 31 2
22 99 0 28 1 1 20 1 1 1 36 20 1 100 34 1
23 99 0 54 1 1 22 1 1 1 37 1 1 100 34 1
24 99 0 29 1 1 23 2 1 1 37 1 1 2 35 2
25 99 0 28 1 1 24 1 1 1 36 1 1 100 33 1
26 99 0 67 1 1 22 3 1 1 37 1 1 2 40 3
27 99 0 26 1 1 25 6 1 1 38 1 1 3 39 6
28 99 0 26 1 1 20 1 1 1 37 1 1 100 37 1
29 99 0 28 1 1 23 3 1 1 37 1 1 2 37 3
30 99 6 36 1 1 21 2 1 1 36 1 1 3 36 2
31 99 0 76 1 1 23 2 1 1 37 2 1 100 35 2
32 99 0 47 1 1 23 2 1 1 37 1 1 2 36 2
33 99 0 26 1 1 22 1 1 1 37 1 1 2 36 1
34 99 0 30 1 1 24 3 1 1 37 1 1 3 34 3
35 99 0 35 1 1 23 2 1 1 37 2 1 100 38 2
36 99 0 44 1 1 22 1 1 1 37 1 1 100 36 1
37 99 0 29 1 1 22 2 1 1 36 1 1 100 32 2
38 99 0 38 1 1 20 1 1 1 36 1 1 2 37 1
39 99 0 67 1 1 18 1 1 1 36 2 1 100 33 1
40 99 0 30 1 1 20 2 1 1 37 2 2 100 38 2
41 99 7 35 1 1 19 1 1 1 36 1 1 100 32 1
42 99 0 26 1 1 22 2 1 1 36 1 1 2 32 2
43 99 0 48 1 1 23 1 1 1 37 1 1 2 34 1
44 99 0 62 1 1 24 2 1 1 37 1 1 3 35 2
45 99 0 33 1 1 24 4 1 1 37 1 1 2 35 4
46 99 0 76 1 1 21 2 1 1 37 1 1 100 39 2
47 99 0 57 1 1 22 1 1 1 36 1 1 100 34 1
48 99 0 49 1 1 20 2 1 1 36 1 1 100 36 2
49 99 0 45 1 1 25 3 1 1 38 2 1 100 36 3
50 99 0 38 1 1 21 1 1 1 36 1 1 100 35 1
51 99 0 67 1 1 22 1 1 1 37 1 1 100 36 1
52 99 0 30 1 1 21 2 1 1 36 1 1 100 30 2
53 99 0 31 1 1 24 1 1 1 37 1 1 2 35 1
54 99 10 35 1 1 20 1 1 1 35 1 1 100 33 1
55 99 0 27 1 1 21 1 1 1 36 5 1 100 33 1
56 99 0 53 1 1 26 3 1 1 38 3 1 100 36 3
57 99 8 25 1 1 21 2 1 1 36 1 1 100 34 2
58 99 0 62 1 1 22 1 1 1 36 1 1 2 33 1
59 99 0 30 1 1 22 1 1 1 37 25 1 100 36 1
60 99 3 58 1 1 19 1 1 1 36 2 1 100 37 1
61 99 0 27 1 1 21 2 1 1 37 1 1 2 38 2
62 99 0 26 1 1 21 1 1 1 36 1 1 2 34 1
63 99 0 27 1 1 19 1 1 1 36 1 1 100 35 1
64 99 0 33 1 1 24 5 1 1 38 1 1 2 38 5
65 99 0 28 1 1 21 1 1 1 37 1 1 100 37 1
66 99 0 41 1 1 25 3 1 1 38 1 1 100 37 3
67 99 5 33 1 1 21 1 1 1 37 1 1 100 38 1
68 99 1 27 1 1 22 1 1 1 37 1 1 2 33 1
69 99 0 52 1 1 22 1 1 1 37 99 2 100 35 1
70 99 0 63 1 1 23 1 1 1 37 3 1 100 37 1
71 99 0 28 1 1 23 1 1 1 38 1 1 100 38 1
72 99 0 26 1 1 24 1 1 1 38 2 1 100 40 1
73 99 0 30 1 1 21 2 1 1 36 1 1 2 33 2
74 99 0 30 1 1 22 3 1 1 36 1 1 2 32 3
75 99 0 47 1 1 27 4 1 1 39 4 1 100 36 4
76 99 2 26 1 1 22 1 1 1 37 2 1 100 35 1
77 99 0 74 1 1 24 2 1 1 38 2 1 100 38 2
78 99 0 51 1 1 22 1 1 1 36 3 2 100 32 1
79 99 0 62 1 1 22 1 1 1 36 1 1 100 33 1
80 99 0 29 1 1 25 1 1 1 38 1 1 2 36 1
81 99 0 60 1 1 20 1 1 1 36 2 1 100 34 1
82 99 0 26 1 1 22 2 1 1 36 2 1 100 32 2
83 99 23 71 1 1 21 1 1 1 36 3 1 100 34 1
84 99 0 75 1 1 21 1 1 1 36 1 1 100 31 1
85 99 25 30 1 1 21 2 1 1 36 2 1 100 34 2
86 99 23 51 1 1 21 1 1 1 36 22 4 100 33 1
87 99 0 27 1 1 24 2 1 1 38 1 1 2 37 2
88 99 20 63 1 1 24 3 1 1 37 3 1 100 32 3
89 99 0 57 1 1 23 2 1 1 37 1 1 2 34 2
90 99 7 28 1 1 18 2 1 1 36 2 1 100 35 2
91 99 0 27 1 1 20 2 1 1 37 2 1 100 37 2
92 99 0 76 1 1 18 1 1 1 36 1 1 100 38 1
93 99 0 69 1 1 21 1 1 1 37 1 1 100 37 1
94 99 22 72 1 1 21 1 1 1 36 1 1 100 36 1
95 99 0 72 1 1 20 1 1 1 36 1 1 100 36 1
96 99 0 29 1 1 23 4 1 1 37 1 1 6 34 4
97 99 0 26 1 1 24 4 1 1 37 1 1 2 38 4
98 99 0 58 1 1 24 1 1 1 37 1 1 2 35 1
99 99 0 68 1 1 21 1 1 1 37 1 1 100 33 1
100 99 0 61 1 1 22 2 1 1 36 1 1 2 36 2
