1 99 8 51 5 5 10 7 1 1 33 8 1 16 32 7
2 99 8 77 5 5 12 7 1 1 35 1 1 16 36 7
3 99 0 58 5 5 17 7 1 1 36 1 1 2 36 7
4 99 7 73 5 5 13 7 1 1 34 7 2 20 32 7
5 99 0 25 5 5 13 10 1 1 34 2 1 5 34 10
6 99 0 56 5 5 9 6 1 1 33 1 1 3 33 6
7 99 5 69 5 5 10 5 1 1 33 5 2 16 29 5
8 99 5 56 5 5 10 5 1 1 33 5 2 12 34 5
9 99 9 39 5 5 11 7 1 1 34 7 1 18 36 7
10 99 7 70 5 5 10 6 1 1 33 6 2 16 28 6
11 99 0 69 5 5 15 8 1 1 36 2 1 4 39 8
12 99 0 40 5 5 13 9 1 1 34 2 2 4 35 9
13 99 8 71 5 5 10 6 1 1 33 6 1 15 29 6
14 99 9 48 5 5 11 7 1 1 33 6 1 17 28 7
15 99 0 46 5 5 14 10 1 1 35 2 1 20 33 10
16 99 6 62 5 5 11 6 1 1 33 6 1 15 30 6
17 99 7 35 5 5 10 7 1 1 33 7 1 16 29 7
18 99 8 32 5 5 14 7 1 1 34 7 1 20 33 7
19 99 0 60 5 5 12 7 1 1 34 1 1 15 32 7
20 99 7 54 5 5 10 6 1 1 33 7 1 14 34 6
21 99 8 50 5 5 12 6 1 1 34 6 1 18 34 6
22 99 0 73 5 5 11 6 1 1 32 1 1 2 27 6
23 99 5 54 5 5 9 5 1 1 33 5 1 13 29 5
24 99 7 47 5 5 10 5 1 1 33 5 1 14 32 5
25 99 6 34 5 5 11 5 1 1 33 5 1 13 29 5
26 99 7 71 5 5 12 7 1 1 34 1 1 3 33 7
27 99 0 52 5 5 12 8 1 1 34 1 1 2 32 8
28 99 6 39 5 5 16 6 1 1 35 6 1 25 38 6
29 99 0 65 5 5 13 9 1 1 34 1 1 2 32 9
30 99 8 62 5 5 11 7 1 1 33 6 1 17 30 7
31 99 0 26 5 5 12 8 1 1 33 1 1 2 33 8
32 99 5 28 5 5 11 5 1 1 33 5 1 13 34 5
33 99 6 24 5 5 10 5 1 1 33 5 3 14 31 5
34 99 0 54 5 5 10 8 1 1 33 1 1 2 35 8
35 99 0 77 5 5 11 7 1 1 33 2 1 3 33 7
36 99 7 28 5 5 10 7 1 1 33 7 1 16 29 7
37 99 9 74 5 5 14 7 1 1 35 6 1 22 36 7
38 99 7 27 5 5 9 6 1 1 33 6 1 14 31 6
39 99 6 70 5 5 10 6 1 1 32 6 1 15 29 6
40 99 6 57 5 5 10 5 1 1 33 5 1 14 31 5
41 99 5 66 5 5 9 5 1 1 32 5 1 11 29 5
42 99 0 26 5 5 15 8 1 1 35 8 1 17 36 8
43 99 5 49 5 5 8 5 1 1 33 5 1 12 30 5
44 99 5 67 5 5 8 5 1 1 31 5 1 12 26 5
45 99 0 35 5 5 14 6 1 1 34 1 1 2 30 6
46 99 8 76 5 5 11 7 1 1 33 7 1 17 30 7
47 99 7 23 5 5 11 7 1 1 33 1 1 2 30 7
48 99 0 71 5 5 14 9 1 1 35 1 1 2 36 9
49 99 6 48 5 5 12 6 1 1 34 6 1 15 32 6
50 99 6 31 5 5 10 5 1 1 33 1 1 10 30 5
51 99 7 43 5 5 11 7 1 1 33 7 1 15 34 7
52 99 8 24 5 5 12 8 1 1 34 1 1 19 31 8
53 99 6 57 5 5 11 6 1 1 33 6 1 18 31 6
54 99 5 27 5 5 10 5 1 1 33 5 5 13 30 5
55 99 6 69 5 5 7 6 1 1 32 6 1 13 25 6
56 99 6 31 5 5 12 6 1 1 33 6 1 16 32 6
57 99 6 53 5 5 7 5 1 1 32 5 1 11 29 5
58 99 6 58 5 5 10 5 1 1 32 5 2 14 27 5
59 99 8 36 5 5 13 8 1 1 34 8 2 21 29 8
60 99 6 54 5 5 11 6 1 1 33 1 1 2 31 6
61 99 0 28 5 5 8 6 1 1 32 1 1 2 29 6
62 99 7 52 5 5 9 5 1 1 32 5 4 14 28 5
63 99 8 60 5 5 11 6 1 1 33 6 1 15 30 6
64 99 5 68 5 5 11 5 1 1 33 5 1 11 32 5
65 99 0 69 5 5 13 8 1 1 34 2 1 4 33 8
66 99 5 68 5 5 12 5 1 1 33 5 4 11 30 5
67 99 0 26 5 5 12 8 1 1 34 1 1 16 33 8
68 99 7 53 5 5 11 7 1 1 33 7 2 17 31 7
69 99 7 62 5 5 15 7 1 1 35 7 1 23 35 7
70 99 6 59 5 5 16 6 1 1 35 6 2 21 33 6
71 99 6 26 5 5 14 6 1 1 34 6 1 16 33 6
72 99 6 29 5 5 10 5 1 1 33 5 1 13 28 5
73 99 5 48 5 5 11 5 1 1 33 5 1 12 32 5
74 99 7 36 5 5 12 6 1 1 33 6 1 15 32 6
75 99 8 35 5 5 14 7 1 1 34 6 3 22 34 7
76 99 7 27 5 5 14 7 1 1 34 7 2 22 35 7
77 99 0 67 5 5 9 7 1 1 32 7 1 13 27 7
78 99 10 37 5 5 9 7 1 1 32 7 4 16 29 7
79 99 0 65 5 5 15 8 1 1 35 8 1 23 32 8
80 99 7 50 5 5 12 7 1 1 34 7 1 17 31 7
81 99 6 66 5 5 12 5 1 1 34 5 1 11 31 5
82 99 8 34 5 5 12 7 1 1 34 2 2 14 30 7
83 99 5 43 5 5 12 5 1 1 33 5 1 16 32 5
84 99 0 26 5 5 12 7 1 1 33 1 1 2 33 7
85 99 8 39 5 5 12 6 1 1 33 6 3 16 27 6
86 99 5 67 5 5 8 5 1 1 32 5 1 12 26 5
87 99 6 29 5 5 13 5 1 1 33 5 1 19 28 5
88 99 7 40 5 5 9 6 1 1 33 7 2 15 29 6
89 99 5 70 5 5 8 5 1 1 32 5 1 11 29 5
90 99 5 67 5 5 11 5 1 1 33 5 4 15 32 5
91 99 7 63 5 5 10 5 1 1 32 5 1 14 28 5
92 99 0 57 5 5 13 8 1 1 34 1 1 2 32 8
93 99 6 56 5 5 12 6 1 1 34 6 1 12 31 6
94 99 0 59 5 5 12 6 1 1 34 1 1 2 33 6
95 99 5 35 5 5 10 5 1 1 34 5 1 13 33 5
96 99 5 60 5 5 11 5 1 1 34 5 1 15 33 5
97 99 6 48 5 5 10 5 1 1 33 5 1 12 32 5
98 99 7 40 5 5 11 6 1 1 34 5 1 14 33 6
99 99 5 58 5 5 10 5 1 1 33 5 2 14 33 5
100 99 6 34 5 5 8 5 1 1 32 5 3 12 31 5
