1 99 20 22 20 20 20 19 1 1 35 20 20 100 27 6
2 99 20 27 1 20 20 14 1 1 35 20 20 100 27 10
3 99 20 64 1 20 20 9 1 1 34 20 20 100 26 9
4 99 20 21 1 20 20 18 1 1 34 20 20 100 26 10
5 99 20 22 20 20 20 15 1 1 34 20 20 100 25 10
6 99 21 21 1 20 20 15 1 1 35 20 20 100 27 1
7 99 20 26 1 1 20 18 1 1 34 20 20 100 26 4
8 99 21 75 1 20 20 13 1 1 35 20 20 100 26 7
9 99 21 21 1 20 20 15 1 1 34 20 20 100 26 10
10 99 21 21 1 20 20 19 1 1 34 20 20 100 25 10
11 99 20 24 1 20 20 14 1 1 35 20 20 100 28 10
12 99 20 39 1 20 20 18 1 1 35 20 20 100 25 10
13 99 20 20 20 20 20 17 1 1 34 20 20 100 26 10
14 99 20 39 1 20 20 9 1 1 35 20 20 100 28 9
15 99 21 26 1 20 20 17 1 1 35 20 20 100 26 10
16 99 20 20 20 20 20 4 1 1 35 20 20 100 27 4
17 99 21 23 20 20 20 18 1 1 34 20 20 100 25 4
18 99 20 22 1 20 20 16 1 1 35 20 20 100 26 10
19 99 20 71 1 20 20 19 1 1 35 20 20 100 28 10
20 99 20 20 20 20 20 19 1 1 34 20 20 100 26 4
21 99 21 21 1 20 20 1 1 1 34 20 20 100 27 1
22 99 20 28 1 20 20 9 1 1 35 20 20 100 28 9
23 99 20 20 20 20 20 11 1 1 34 20 20 100 25 10
24 99 20 23 20 20 20 17 1 1 35 20 20 100 26 10
25 99 20 26 20 20 20 19 1 1 34 20 20 100 26 6
26 99 21 26 1 20 20 3 1 1 35 20 20 100 27 3
27 99 21 23 1 20 20 2 1 1 35 20 20 100 27 2
28 99 20 20 20 20 20 2 1 1 34 20 20 100 26 2
29 99 20 23 20 20 20 20 1 1 34 20 20 100 26 7
30 99 20 48 1 20 20 10 1 1 35 20 20 100 27 10
31 99 20 26 1 1 20 20 1 1 35 20 20 100 27 6
32 99 21 21 1 20 20 16 1 1 35 20 20 100 27 10
33 99 20 21 1 20 20 15 1 1 35 20 20 100 27 10
34 99 20 20 20 20 20 13 1 1 35 20 20 100 27 1
35 99 20 20 1 20 20 6 1 1 34 20 20 100 25 6
36 99 20 20 20 20 20 18 1 1 35 20 20 100 26 10
37 99 20 21 20 20 20 17 1 1 34 20 20 100 26 10
38 99 20 20 20 20 20 19 1 1 35 20 20 100 27 10
39 99 21 21 1 20 20 18 1 1 35 20 20 100 26 3
40 99 20 20 1 20 20 19 1 1 35 20 20 100 27 10
41 99 20 20 1 20 20 19 1 1 34 20 20 100 26 10
42 99 20 23 1 20 20 20 1 1 35 20 20 100 25 10
43 99 20 22 20 20 20 18 1 1 35 20 20 100 25 10
44 99 21 21 1 20 20 18 1 1 34 20 20 100 26 9
45 99 21 20 20 20 20 18 1 1 34 20 20 100 26 10
46 99 20 22 1 20 20 5 1 1 35 20 20 100 26 5
47 99 20 31 1 20 20 6 1 1 35 20 20 100 27 6
48 99 20 24 20 20 20 20 1 1 35 20 20 100 26 10
49 99 20 20 1 20 20 17 1 1 35 20 20 100 27 10
50 99 21 21 1 20 20 19 1 1 35 20 20 100 26 10
51 99 20 22 1 20 20 17 1 1 35 20 20 100 26 7
52 99 22 21 1 20 20 18 1 1 35 20 20 100 27 4
53 99 20 55 1 20 20 2 1 1 35 20 20 100 26 2
54 99 22 21 1 20 20 17 1 1 35 20 20 100 26 10
55 99 20 24 1 20 20 19 1 1 35 20 20 100 27 7
56 99 21 21 1 20 20 12 1 1 35 20 20 100 27 10
57 99 20 21 1 20 20 20 1 1 35 20 20 100 27 10
58 99 20 33 1 20 20 18 1 1 35 20 20 100 26 10
59 99 20 33 1 20 20 17 1 1 35 20 20 100 26 10
60 99 21 21 1 20 20 14 1 1 35 20 20 100 26 10
61 99 21 23 1 20 20 18 1 1 34 20 20 100 26 10
62 99 20 20 1 20 20 5 1 1 35 20 20 100 27 5
63 99 20 20 1 20 20 19 1 1 35 20 20 100 27 10
64 99 21 64 1 20 20 11 1 1 34 20 20 100 27 10
65 99 20 22 1 20 20 17 1 1 35 20 20 100 27 10
66 99 21 21 1 20 20 18 1 1 35 20 20 100 27 7
67 99 20 20 1 20 20 17 1 1 35 20 20 100 26 10
68 99 21 29 1 20 20 16 1 1 35 20 20 100 28 10
69 99 20 26 1 20 20 5 1 1 34 20 20 100 26 5
70 99 20 20 1 20 20 15 1 1 34 20 20 100 24 10
71 99 20 56 1 20 20 4 1 1 35 20 20 100 27 4
72 99 20 21 1 20 20 19 1 1 34 20 20 100 26 10
73 99 20 21 1 20 20 6 1 1 34 20 20 100 27 6
74 99 22 22 1 1 20 15 1 1 35 20 20 100 26 10
75 99 21 33 1 20 20 17 1 1 35 20 20 100 26 5
76 99 21 21 1 20 20 15 1 1 34 20 19 100 25 10
77 99 20 20 1 20 20 18 1 1 35 20 20 100 26 9
78 99 21 24 1 20 20 5 1 1 35 20 20 100 27 5
79 99 20 20 20 20 20 18 1 1 35 20 20 100 25 10
80 99 20 57 1 20 20 8 1 1 35 20 20 100 28 8
81 99 20 21 1 20 20 18 1 1 35 20 20 100 27 7
82 99 22 21 1 20 20 15 1 1 35 20 20 100 26 3
83 99 20 20 1 20 20 16 1 1 34 20 20 100 25 10
84 99 20 22 1 20 20 8 1 1 35 20 20 100 26 8
85 99 21 28 1 20 20 15 1 1 35 20 20 100 27 10
86 99 21 21 1 20 20 18 1 1 35 20 20 100 26 10
87 99 21 21 1 20 20 20 1 1 34 20 20 100 26 10
88 99 20 20 20 20 20 16 1 1 34 20 20 100 26 6
89 99 20 20 20 20 20 6 1 1 34 20 20 100 26 6
90 99 20 56 1 20 20 19 1 1 34 20 20 100 25 9
91 99 20 62 1 20 20 15 1 1 35 20 20 100 27 5
92 99 20 46 1 20 20 19 1 1 35 20 20 100 26 6
93 99 21 21 1 20 20 18 1 1 34 20 20 100 26 10
94 99 20 22 1 20 20 4 1 1 35 20 20 100 26 4
95 99 20 25 1 20 20 6 1 1 35 20 20 100 28 6
96 99 20 20 1 20 20 15 1 1 34 20 20 100 26 10
97 99 20 27 1 20 20 11 1 1 35 20 20 100 27 7
98 99 22 20 1 20 20 3 1 1 34 20 20 100 26 3
99 99 20 23 1 20 20 19 1 1 34 20 20 100 24 10
100 99 20 22 1 20 20 15 1 1 34 20 20 100 26 4
