1 99 23 20 20 20 23 6 1 1 38 23 1 100 31 6
2 99 0 20 20 20 25 5 1 1 38 1 1 2 33 5
3 99 0 21 1 1 24 10 1 1 39 1 1 2 34 10
4 99 24 20 20 20 24 8 1 1 38 2 1 100 31 8
5 99 0 20 20 20 26 14 1 1 38 1 1 2 30 10
6 99 0 21 1 20 25 4 1 1 39 1 1 2 34 4
7 99 23 21 1 20 22 2 1 1 37 21 1 100 28 2
8 99 27 20 20 20 25 2 1 1 38 22 21 100 33 2
9 99 27 23 1 20 27 13 1 1 39 22 1 100 34 10
10 99 0 20 20 20 27 5 1 1 39 2 1 4 35 5
11 99 0 20 20 20 26 4 1 1 39 1 1 2 34 4
12 99 0 21 20 20 26 11 1 1 39 1 1 2 29 10
13 99 24 20 20 20 24 6 1 1 38 1 1 100 28 6
14 99 0 20 20 20 25 5 1 1 38 1 1 100 32 5
15 99 26 20 20 20 24 3 1 1 38 99 1 100 32 3
16 99 23 20 20 20 23 4 1 1 37 1 1 2 27 4
17 99 27 22 20 20 25 3 1 1 39 25 1 100 34 3
18 99 0 21 1 20 27 12 1 1 38 1 1 3 30 10
19 99 21 21 20 20 25 5 1 1 38 21 1 100 33 5
20 99 99 20 20 20 28 6 1 1 39 1 1 100 33 6
21 99 0 20 20 20 24 7 1 1 37 1 1 2 29 7
22 99 23 20 20 20 23 1 1 1 37 23 21 100 30 1
23 99 26 20 20 20 25 4 1 1 38 21 1 100 29 4
24 99 0 21 20 20 25 15 1 1 38 1 1 2 30 10
25 99 27 20 20 20 25 5 1 1 37 1 1 100 29 5
26 99 0 20 20 20 25 4 1 1 38 1 1 2 34 4
27 99 0 21 20 20 29 7 1 1 39 1 1 2 35 7
28 99 25 20 20 20 25 3 1 1 38 1 1 100 33 3
29 99 0 20 20 20 24 5 1 1 38 1 1 2 32 5
30 99 99 20 20 20 24 2 1 1 38 1 1 100 32 2
31 99 24 20 20 20 24 8 1 1 38 2 1 100 31 8
32 99 0 20 20 20 24 5 1 1 38 1 1 2 32 5
33 99 0 22 20 20 23 5 1 1 38 1 1 2 31 5
34 99 0 20 20 20 25 14 1 1 38 1 1 2 30 10
35 99 27 21 20 20 26 5 1 1 38 23 1 100 34 5
36 99 24 20 20 20 24 13 1 1 38 23 1 100 32 10
37 99 24 20 20 20 23 7 1 1 37 22 1 100 28 7
38 99 21 20 20 20 21 2 1 1 38 1 1 100 33 2
39 99 23 72 1 20 22 2 1 1 37 22 18 100 29 2
40 99 24 21 1 20 23 7 1 1 38 22 2 100 33 7
41 99 22 20 20 20 21 5 1 1 37 20 1 100 30 5
42 99 0 20 20 20 24 5 1 1 37 1 1 2 28 5
43 99 99 20 20 20 25 8 1 1 39 1 1 2 31 8
44 99 0 20 20 20 25 4 1 1 38 1 1 2 31 4
45 99 0 20 20 20 25 11 1 1 38 1 1 2 30 9
46 99 25 20 20 20 25 5 1 1 38 21 1 100 33 5
47 99 26 20 20 20 25 6 1 1 37 22 1 100 29 6
48 99 25 20 20 20 24 3 1 1 37 1 1 100 30 3
49 99 28 20 20 20 28 5 1 1 39 1 1 100 33 5
50 99 25 20 1 20 25 4 1 1 38 23 1 100 29 4
51 99 24 20 20 20 24 4 1 1 38 1 1 100 31 4
52 99 23 20 20 20 22 6 1 1 37 21 1 100 26 6
53 99 26 20 20 20 26 5 1 1 38 1 1 2 29 5
54 99 25 21 1 20 22 6 1 1 37 20 20 100 28 6
55 99 26 20 20 20 23 4 1 1 37 23 1 100 27 4
56 99 0 20 20 20 28 3 1 1 39 2 1 100 33 3
57 99 24 25 20 20 23 8 1 1 37 1 1 100 29 8
58 99 0 21 1 20 23 5 1 1 37 1 1 2 28 5
59 99 25 24 20 20 25 5 1 1 38 23 1 100 31 5
60 99 26 20 20 20 24 3 1 1 38 22 1 100 32 3
61 99 0 21 1 20 24 2 1 1 38 1 1 2 33 2
62 99 0 21 1 20 23 4 1 1 37 1 1 2 30 4
63 99 23 20 20 20 23 3 1 1 38 22 2 100 32 3
64 99 0 20 20 20 26 18 1 1 39 1 1 2 32 10
65 99 26 20 20 20 26 1 1 1 39 24 23 100 33 1
66 99 26 20 20 20 26 8 1 1 39 1 1 100 32 8
67 99 21 20 20 20 24 4 1 1 38 1 1 100 34 4
68 99 21 22 1 20 24 5 1 1 38 1 1 2 29 5
69 99 24 20 1 20 24 2 1 1 38 24 2 100 30 2
70 99 28 20 20 20 25 3 1 1 38 23 20 100 32 3
71 99 25 20 20 20 25 2 1 1 39 24 1 100 34 2
72 99 30 20 20 20 28 1 1 1 39 1 1 100 35 1
73 99 0 20 20 20 24 3 1 1 37 1 1 2 29 3
74 99 25 20 20 20 23 15 1 1 37 1 1 100 27 10
75 99 29 20 20 20 28 12 1 1 40 25 1 100 33 10
76 99 25 21 1 20 25 3 1 1 38 25 1 100 30 3
77 99 26 20 1 20 26 6 1 1 39 2 1 100 34 6
78 99 25 21 1 20 23 4 1 1 37 21 2 100 28 4
79 99 24 20 20 20 22 9 1 1 37 22 1 100 30 9
80 99 0 20 20 20 26 7 1 1 39 1 1 2 31 7
81 99 22 21 1 20 22 4 1 1 37 21 1 100 28 4
82 99 24 23 20 20 23 3 1 1 37 22 1 100 28 3
83 99 22 21 1 20 22 6 1 1 37 21 2 100 27 6
84 99 23 21 20 20 22 5 1 1 37 1 1 100 27 5
85 99 24 21 1 20 24 9 1 1 37 22 1 100 30 9
86 99 22 20 20 20 22 6 1 1 37 22 19 100 28 6
87 99 0 20 20 20 26 15 1 1 39 1 1 2 33 10
88 99 27 21 20 20 25 18 1 1 38 21 1 100 29 10
89 99 0 21 20 20 24 8 1 1 38 1 1 2 31 8
90 99 21 25 20 20 22 6 1 1 38 2 1 100 32 6
91 99 21 20 20 20 24 6 1 1 38 21 1 100 33 6
92 99 22 20 1 20 22 1 1 1 38 22 1 100 32 1
93 99 23 20 1 20 24 2 1 1 38 21 1 100 32 2
94 99 22 20 20 20 22 7 1 1 37 20 1 100 31 7
95 99 27 20 20 20 23 2 1 1 37 1 1 100 31 2
96 99 0 20 20 20 24 10 1 1 38 3 1 5 29 10
97 99 0 24 20 20 25 10 1 1 38 1 1 2 32 10
98 99 23 20 20 20 26 14 1 1 38 1 1 2 30 10
99 99 24 20 20 20 23 3 1 1 38 22 22 100 29 3
100 99 25 20 20 20 24 6 1 1 37 1 1 100 30 6
