1 9
2 11
3 9
4 10
5 10
6 10
7 9
8 9
9 10
10 11
11 9
12 10
13 10
14 9
15 10
16 9
17 10
18 9
19 11
20 10
21 8
22 10
23 10
24 10
25 9
26 10
27 10
28 10
29 9
30 11
31 9
32 11
33 10
34 10
35 9
36 11
37 11
38 10
39 9
40 10
41 10
42 10
43 9
44 9
45 9
46 9
47 9
48 10
49 10
50 11
51 9
52 8
53 8
54 7
55 9
56 10
57 11
58 11
59 11
60 9
61 10
62 9
63 11
64 9
65 9
66 9
67 10
68 10
69 9
70 10
71 8
72 9
73 8
74 11
75 9
76 9
77 10
78 8
79 11
80 10
81 10
82 10
83 10
84 9
85 10
86 9
87 9
88 11
89 9
90 11
91 9
92 8
93 10
94 10
95 8
96 9
97 9
98 9
99 12
100 8
