1 1
2 1
3 2
4 2
5 4
6 1
7 1
8 0
9 1
10 2
11 1
12 3
13 1
14 1
15 0
16 1
17 0
18 2
19 1
20 1
21 1
22 0
23 0
24 1
25 1
26 2
27 4
28 0
29 2
30 2
31 1
32 1
33 1
34 3
35 1
36 0
37 0
38 1
39 0
40 0
41 0
42 2
43 1
44 1
45 4
46 2
47 0
48 1
49 1
50 0
51 1
52 1
53 1
54 0
55 0
56 2
57 1
58 1
59 0
60 0
61 1
62 1
63 0
64 4
65 0
66 1
67 1
68 1
69 0
70 0
71 1
72 0
73 1
74 2
75 2
76 0
77 1
78 0
79 1
80 1
81 0
82 1
83 0
84 1
85 1
86 0
87 2
88 2
89 2
90 2
91 2
92 0
93 0
94 0
95 0
96 3
97 2
98 1
99 0
100 2
