1 6
2 7
3 6
4 7
5 6
6 7
7 6
8 7
9 6
10 7
11 6
12 6
13 6
14 7
15 7
16 6
17 5
18 6
19 6
20 6
21 4
22 6
23 7
24 7
25 6
26 7
27 5
28 7
29 6
30 6
31 6
32 7
33 6
34 5
35 6
36 7
37 7
38 7
39 5
40 7
41 8
42 8
43 7
44 6
45 6
46 6
47 6
48 6
49 7
50 7
51 7
52 5
53 5
54 6
55 6
56 8
57 7
58 5
59 7
60 5
61 6
62 7
63 6
64 6
65 6
66 7
67 7
68 7
69 6
70 5
71 5
72 7
73 5
74 7
75 5
76 5
77 7
78 5
79 6
80 7
81 7
82 7
83 7
84 6
85 6
86 6
87 6
88 6
89 6
90 7
91 5
92 6
93 6
94 7
95 6
96 6
97 6
98 7
99 8
100 5
