1 0
2 1
3 1
4 0
5 4
6 1
7 0
8 0
9 0
10 0
11 2
12 2
13 0
14 1
15 2
16 0
17 0
18 0
19 1
20 0
21 1
22 1
23 0
24 0
25 0
26 2
27 1
28 0
29 2
30 1
31 1
32 0
33 0
34 1
35 2
36 1
37 0
38 0
39 0
40 0
41 0
42 3
43 0
44 0
45 2
46 1
47 2
48 2
49 1
50 1
51 0
52 0
53 0
54 0
55 1
56 1
57 0
58 0
59 1
60 0
61 1
62 0
63 0
64 0
65 2
66 0
67 2
68 1
69 0
70 0
71 0
72 0
73 0
74 0
75 1
76 0
77 1
78 0
79 1
80 0
81 0
82 0
83 0
84 1
85 0
86 0
87 0
88 1
89 0
90 0
91 0
92 2
93 0
94 1
95 0
96 0
97 0
98 0
99 0
100 0
