1 1
2 1
3 2
4 1
5 1
6 1
7 1
8 1
9 1
10 0
11 1
12 1
13 1
14 0
15 0
16 2
17 1
18 2
19 2
20 0
21 1
22 2
23 0
24 1
25 0
26 0
27 0
28 1
29 1
30 1
31 1
32 0
33 1
34 1
35 2
36 0
37 1
38 0
39 1
40 0
41 1
42 1
43 1
44 2
45 1
46 1
47 1
48 1
49 0
50 1
51 0
52 1
53 1
54 1
55 2
56 1
57 0
58 0
59 1
60 2
61 1
62 1
63 0
64 1
65 1
66 1
67 0
68 1
69 1
70 1
71 1
72 1
73 1
74 1
75 1
76 0
77 1
78 2
79 1
80 1
81 0
82 2
83 0
84 1
85 1
86 1
87 1
88 0
89 1
90 1
91 0
92 0
93 1
94 1
95 1
96 2
97 1
98 1
99 0
100 1
