1 8
2 9
3 9
4 11
5 13
6 7
7 7
8 8
9 9
10 6
11 7
12 9
13 12
14 7
15 6
16 8
17 6
18 11
19 7
20 7
21 9
22 7
23 7
24 11
25 9
26 5
27 9
28 6
29 7
30 6
31 8
32 9
33 8
34 10
35 8
36 8
37 9
38 7
39 6
40 6
41 8
42 9
43 11
44 7
45 10
46 8
47 7
48 7
49 8
50 7
51 9
52 8
53 10
54 8
55 7
56 7
57 9
58 8
59 8
60 6
61 7
62 8
63 7
64 11
65 5
66 8
67 7
68 8
69 6
70 10
71 7
72 5
73 7
74 11
75 11
76 8
77 7
78 9
79 7
80 9
81 7
82 10
83 9
84 8
85 8
86 10
87 10
88 11
89 9
90 7
91 7
92 4
93 6
94 8
95 7
96 10
97 8
98 10
99 9
100 7
