1 5
2 5
3 7
4 8
5 11
6 6
7 4
8 5
9 6
10 5
11 4
12 7
13 7
14 3
15 4
16 6
17 4
18 7
19 5
20 6
21 7
22 4
23 4
24 8
25 5
26 4
27 7
28 4
29 5
30 4
31 6
32 5
33 5
34 7
35 6
36 5
37 7
38 4
39 4
40 4
41 6
42 6
43 7
44 4
45 8
46 5
47 5
48 6
49 5
50 4
51 7
52 5
53 7
54 5
55 5
56 5
57 6
58 5
59 5
60 3
61 4
62 6
63 4
64 7
65 3
66 7
67 4
68 5
69 3
70 6
71 4
72 3
73 3
74 8
75 8
76 6
77 5
78 7
79 6
80 7
81 5
82 6
83 7
84 5
85 7
86 5
87 7
88 9
89 8
90 6
91 5
92 3
93 3
94 5
95 4
96 6
97 6
98 8
99 6
100 5
