1 1
2 1
3 2
4 2
5 4
6 1
7 0
8 0
9 1
10 2
11 1
12 2
13 1
14 1
15 0
16 1
17 0
18 2
19 0
20 1
21 1
22 0
23 0
24 1
25 1
26 2
27 4
28 0
29 2
30 1
31 0
32 1
33 1
34 2
35 1
36 0
37 0
38 1
39 0
40 0
41 0
42 1
43 1
44 1
45 4
46 1
47 0
48 1
49 1
50 0
51 1
52 1
53 1
54 0
55 0
56 2
57 1
58 1
59 0
60 0
61 1
62 1
63 0
64 4
65 0
66 1
67 1
68 1
69 0
70 0
71 1
72 0
73 1
74 2
75 1
76 0
77 1
78 0
79 0
80 1
81 0
82 1
83 0
84 1
85 0
86 0
87 2
88 2
89 1
90 1
91 1
92 0
93 0
94 0
95 0
96 3
97 2
98 1
99 0
100 1
