1 3
2 3
3 4
4 6
5 7
6 3
7 2
8 1
9 4
10 3
11 3
12 5
13 4
14 1
15 2
16 4
17 2
18 5
19 3
20 4
21 4
22 1
23 2
24 5
25 2
26 3
27 4
28 3
29 4
30 2
31 3
32 4
33 4
34 4
35 3
36 4
37 4
38 1
39 1
40 4
41 4
42 3
43 4
44 2
45 5
46 3
47 3
48 3
49 3
50 2
51 4
52 4
53 5
54 3
55 3
56 3
57 4
58 3
59 3
60 2
61 3
62 4
63 3
64 5
65 1
66 4
67 2
68 2
69 1
70 4
71 2
72 1
73 2
74 6
75 5
76 3
77 4
78 4
79 4
80 3
81 3
82 1
83 4
84 3
85 4
86 3
87 5
88 7
89 6
90 4
91 4
92 1
93 2
94 3
95 2
96 4
97 5
98 5
99 3
100 4
