1 3
2 3
3 2
4 3
5 3
6 4
7 3
8 3
9 3
10 4
11 2
12 3
13 3
14 3
15 3
16 4
17 3
18 2
19 4
20 4
21 3
22 3
23 3
24 5
25 2
26 4
27 3
28 3
29 3
30 3
31 3
32 3
33 4
34 2
35 3
36 4
37 4
38 3
39 3
40 4
41 4
42 4
43 4
44 3
45 3
46 3
47 3
48 3
49 3
50 4
51 3
52 3
53 2
54 2
55 3
56 3
57 4
58 3
59 4
60 3
61 3
62 3
63 2
64 2
65 2
66 3
67 3
68 3
69 3
70 2
71 3
72 3
73 3
74 3
75 2
76 3
77 3
78 3
79 4
80 4
81 4
82 3
83 3
84 2
85 4
86 3
87 3
88 2
89 3
90 4
91 4
92 2
93 3
94 3
95 3
96 2
97 3
98 4
99 5
100 2
