1 2
2 1
3 3
4 4
5 6
6 1
7 2
8 1
9 2
10 3
11 1
12 3
13 2
14 1
15 1
16 1
17 1
18 3
19 3
20 3
21 2
22 0
23 1
24 3
25 1
26 2
27 4
28 1
29 2
30 2
31 2
32 3
33 3
34 3
35 3
36 2
37 3
38 1
39 0
40 2
41 2
42 2
43 2
44 1
45 4
46 2
47 3
48 3
49 2
50 1
51 3
52 2
53 2
54 1
55 2
56 2
57 3
58 1
59 2
60 2
61 2
62 2
63 0
64 4
65 0
66 3
67 1
68 1
69 0
70 1
71 2
72 1
73 1
74 4
75 4
76 2
77 2
78 1
79 2
80 2
81 2
82 1
83 2
84 2
85 2
86 1
87 3
88 5
89 5
90 3
91 3
92 0
93 1
94 2
95 1
96 3
97 3
98 2
99 0
100 2
