1 1
2 1
3 1
4 2
5 1
6 0
7 1
8 1
9 2
10 2
11 1
12 2
13 2
14 1
15 2
16 1
17 1
18 1
19 1
20 1
21 2
22 2
23 2
24 3
25 2
26 2
27 1
28 2
29 1
30 1
31 2
32 1
33 2
34 1
35 1
36 1
37 3
38 2
39 1
40 2
41 2
42 1
43 2
44 2
45 1
46 1
47 2
48 1
49 0
50 1
51 3
52 1
53 1
54 1
55 2
56 1
57 4
58 1
59 2
60 1
61 1
62 1
63 1
64 1
65 1
66 2
67 1
68 2
69 1
70 2
71 1
72 1
73 0
74 1
75 1
76 2
77 1
78 1
79 1
80 1
81 1
82 1
83 2
84 1
85 2
86 2
87 2
88 1
89 1
90 2
91 1
92 1
93 1
94 2
95 1
96 2
97 2
98 2
99 1
100 1
