1 11
2 12
3 10
4 12
5 14
6 11
7 10
8 10
9 11
10 10
11 9
12 12
13 14
14 8
15 9
16 12
17 9
18 14
19 9
20 10
21 13
22 9
23 9
24 13
25 12
26 8
27 12
28 8
29 12
30 8
31 12
32 12
33 11
34 12
35 11
36 11
37 12
38 9
39 10
40 10
41 11
42 12
43 12
44 9
45 14
46 10
47 10
48 9
49 10
50 9
51 13
52 11
53 14
54 12
55 10
56 8
57 11
58 12
59 10
60 9
61 9
62 12
63 10
64 13
65 7
66 11
67 9
68 10
69 10
70 13
71 11
72 8
73 9
74 14
75 14
76 11
77 10
78 13
79 11
80 11
81 12
82 12
83 12
84 10
85 12
86 12
87 13
88 14
89 13
90 9
91 9
92 8
93 8
94 11
95 9
96 13
97 10
98 12
99 12
100 11
