1 0
2 1
3 1
4 1
5 3
6 1
7 0
8 0
9 0
10 0
11 3
12 1
13 0
14 3
15 1
16 0
17 0
18 1
19 1
20 0
21 1
22 1
23 0
24 0
25 2
26 0
27 1
28 3
29 1
30 1
31 0
32 0
33 2
34 1
35 2
36 0
37 1
38 0
39 0
40 0
41 3
42 0
43 0
44 2
45 1
46 1
47 2
48 1
49 1
50 0
51 1
52 0
53 0
54 1
55 1
56 0
57 0
58 1
59 0
60 1
61 0
62 0
63 0
64 2
65 0
66 2
67 0
68 0
69 0
70 0
71 0
72 0
73 0
74 1
75 2
76 1
77 1
78 1
79 0
80 0
81 0
82 0
83 1
84 0
85 0
86 0
87 1
88 0
89 0
90 3
91 0
92 1
93 1
94 0
95 0
96 0
97 0
98 0
99 0
100 2
