1 2
2 1
3 2
4 3
5 5
6 1
7 1
8 0
9 2
10 2
11 1
12 3
13 1
14 1
15 1
16 1
17 1
18 2
19 1
20 2
21 2
22 0
23 0
24 3
25 1
26 2
27 4
28 0
29 2
30 2
31 2
32 1
33 2
34 3
35 1
36 0
37 2
38 1
39 0
40 1
41 1
42 2
43 1
44 1
45 4
46 2
47 1
48 1
49 2
50 0
51 1
52 1
53 1
54 0
55 0
56 2
57 2
58 1
59 0
60 0
61 2
62 1
63 0
64 4
65 0
66 3
67 1
68 1
69 0
70 0
71 1
72 1
73 1
74 3
75 2
76 1
77 2
78 0
79 1
80 1
81 1
82 1
83 1
84 1
85 2
86 0
87 2
88 3
89 4
90 2
91 2
92 0
93 0
94 0
95 1
96 3
97 2
98 1
99 0
100 2
