1 8
2 9
3 9
4 9
5 11
6 9
7 9
8 6
9 8
10 9
11 10
12 10
13 8
14 10
15 10
16 8
17 8
18 7
19 10
20 8
21 8
22 9
23 8
24 7
25 10
26 8
27 7
28 11
29 8
30 8
31 9
32 10
33 9
34 9
35 9
36 9
37 8
38 8
39 10
40 9
41 9
42 8
43 9
44 10
45 7
46 9
47 9
48 9
49 9
50 7
51 8
52 8
53 8
54 10
55 10
56 9
57 8
58 10
59 7
60 9
61 6
62 8
63 9
64 10
65 8
66 10
67 10
68 9
69 7
70 9
71 10
72 9
73 7
74 9
75 9
76 9
77 9
78 8
79 8
80 9
81 8
82 9
83 10
84 8
85 10
86 9
87 9
88 8
89 8
90 9
91 6
92 9
93 8
94 9
95 8
96 10
97 10
98 9
99 8
100 10
