1 1
2 2
3 1
4 0
5 4
6 2
7 0
8 0
9 0
10 0
11 2
12 3
13 1
14 1
15 2
16 0
17 0
18 1
19 1
20 0
21 1
22 2
23 0
24 0
25 0
26 2
27 2
28 0
29 3
30 2
31 1
32 1
33 0
34 1
35 2
36 1
37 1
38 1
39 0
40 0
41 1
42 3
43 0
44 0
45 3
46 1
47 2
48 2
49 1
50 2
51 1
52 1
53 0
54 0
55 2
56 1
57 1
58 0
59 1
60 1
61 2
62 0
63 1
64 1
65 4
66 0
67 3
68 1
69 0
70 0
71 0
72 0
73 0
74 0
75 1
76 0
77 2
78 0
79 1
80 1
81 1
82 2
83 0
84 1
85 0
86 0
87 0
88 1
89 1
90 0
91 0
92 2
93 1
94 2
95 0
96 1
97 1
98 0
99 0
100 0
