1 5
2 5
3 6
4 5
5 4
6 4
7 5
8 5
9 4
10 4
11 5
12 6
13 5
14 4
15 4
16 3
17 5
18 5
19 5
20 5
21 5
22 5
23 3
24 4
25 4
26 4
27 4
28 4
29 5
30 3
31 5
32 5
33 4
34 5
35 5
36 4
37 4
38 4
39 4
40 5
41 5
42 4
43 5
44 6
45 5
46 5
47 5
48 4
49 4
50 3
51 5
52 5
53 4
54 5
55 5
56 4
57 5
58 4
59 5
60 5
61 4
62 4
63 4
64 4
65 4
66 5
67 5
68 5
69 5
70 4
71 4
72 5
73 6
74 5
75 5
76 4
77 4
78 5
79 5
80 4
81 4
82 5
83 5
84 5
85 5
86 4
87 5
88 4
89 4
90 6
91 5
92 4
93 5
94 5
95 4
96 4
97 5
98 4
99 4
100 5
