1 1
2 2
3 0
4 1
5 1
6 1
7 0
8 2
9 1
10 0
11 0
12 0
13 0
14 0
15 1
16 1
17 1
18 0
19 1
20 0
21 0
22 1
23 0
24 1
25 0
26 1
27 1
28 1
29 0
30 1
31 0
32 1
33 0
34 0
35 0
36 1
37 1
38 1
39 1
40 1
41 2
42 1
43 1
44 1
45 2
46 0
47 2
48 0
49 1
50 1
51 1
52 0
53 1
54 0
55 0
56 1
57 1
58 0
59 1
60 0
61 0
62 1
63 1
64 0
65 1
66 1
67 1
68 0
69 1
70 0
71 0
72 1
73 0
74 1
75 0
76 1
77 1
78 0
79 1
80 1
81 0
82 2
83 0
84 1
85 1
86 0
87 1
88 1
89 0
90 1
91 1
92 0
93 1
94 1
95 0
96 0
97 0
98 1
99 2
100 1
