1 6
2 8
3 6
4 5
5 10
6 4
7 6
8 3
9 4
10 5
11 8
12 6
13 4
14 5
15 6
16 5
17 5
18 6
19 6
20 6
21 6
22 6
23 5
24 5
25 8
26 5
27 4
28 6
29 5
30 5
31 5
32 7
33 7
34 7
35 7
36 6
37 6
38 4
39 6
40 7
41 6
42 7
43 5
44 7
45 5
46 6
47 6
48 5
49 6
50 4
51 5
52 5
53 6
54 7
55 7
56 6
57 5
58 8
59 4
60 5
61 3
62 5
63 5
64 6
65 5
66 6
67 6
68 6
69 4
70 6
71 5
72 6
73 5
74 8
75 8
76 6
77 7
78 5
79 5
80 6
81 5
82 6
83 7
84 6
85 8
86 6
87 7
88 5
89 6
90 8
91 4
92 7
93 6
94 5
95 4
96 7
97 7
98 7
99 5
100 6
