1 1
2 2
3 2
4 1
5 6
6 1
7 2
8 0
9 1
10 0
11 4
12 1
13 1
14 3
15 1
16 1
17 1
18 1
19 1
20 1
21 2
22 3
23 0
24 1
25 5
26 1
27 1
28 4
29 1
30 1
31 0
32 2
33 4
34 1
35 3
36 2
37 2
38 0
39 1
40 1
41 3
42 2
43 0
44 2
45 3
46 1
47 2
48 1
49 2
50 1
51 1
52 0
53 0
54 2
55 1
56 0
57 0
58 1
59 0
60 1
61 0
62 0
63 1
64 2
65 0
66 2
67 1
68 2
69 1
70 2
71 0
72 0
73 1
74 3
75 3
76 1
77 2
78 1
79 1
80 1
81 0
82 0
83 2
84 0
85 1
86 1
87 2
88 0
89 1
90 3
91 0
92 2
93 2
94 1
95 0
96 1
97 2
98 2
99 0
100 2
