1 2
2 6
3 2
4 3
5 9
6 2
7 3
8 1
9 2
10 2
11 5
12 3
13 2
14 4
15 2
16 2
17 2
18 3
19 4
20 3
21 3
22 4
23 3
24 3
25 6
26 2
27 2
28 5
29 3
30 2
31 4
32 4
33 6
34 2
35 4
36 3
37 4
38 2
39 2
40 3
41 4
42 4
43 2
44 4
45 3
46 4
47 4
48 3
49 3
50 2
51 3
52 2
53 2
54 5
55 4
56 3
57 1
58 3
59 1
60 2
61 0
62 3
63 3
64 3
65 2
66 3
67 2
68 4
69 2
70 4
71 2
72 3
73 2
74 5
75 4
76 3
77 4
78 2
79 2
80 4
81 0
82 3
83 4
84 3
85 5
86 2
87 3
88 1
89 2
90 5
91 3
92 3
93 4
94 2
95 1
96 3
97 4
98 4
99 2
100 3
