1 13
2 14
3 14
4 14
5 17
6 13
7 13
8 13
9 15
10 13
11 13
12 16
13 17
14 13
15 12
16 14
17 12
18 15
19 13
20 12
21 16
22 13
23 13
24 16
25 15
26 11
27 14
28 12
29 14
30 12
31 15
32 15
33 14
34 15
35 13
36 14
37 14
38 12
39 13
40 11
41 14
42 16
43 15
44 12
45 15
46 13
47 13
48 13
49 12
50 11
51 16
52 15
53 17
54 14
55 13
56 13
57 15
58 16
59 14
60 12
61 11
62 15
63 12
64 16
65 10
66 14
67 12
68 15
69 14
70 15
71 12
72 10
73 13
74 18
75 15
76 13
77 14
78 16
79 14
80 15
81 13
82 16
83 15
84 14
85 14
86 14
87 15
88 17
89 16
90 12
91 11
92 11
93 10
94 14
95 13
96 16
97 14
98 15
99 14
100 13
