1 7
2 8
3 9
4 8
5 8
6 8
7 9
8 9
9 8
10 8
11 8
12 10
13 7
14 8
15 8
16 8
17 8
18 8
19 8
20 9
21 8
22 9
23 8
24 8
25 8
26 8
27 8
28 8
29 8
30 7
31 8
32 8
33 8
34 8
35 9
36 8
37 8
38 7
39 9
40 7
41 8
42 9
43 9
44 9
45 8
46 8
47 8
48 8
49 8
50 7
51 9
52 9
53 8
54 8
55 8
56 8
57 8
58 8
59 8
60 9
61 8
62 8
63 7
64 9
65 8
66 8
67 8
68 8
69 9
70 7
71 8
72 9
73 8
74 9
75 9
76 8
77 8
78 9
79 8
80 8
81 9
82 9
83 9
84 8
85 9
86 9
87 9
88 8
89 7
90 9
91 9
92 9
93 9
94 8
95 8
96 8
97 8
98 9
99 8
100 9
