1 2
2 3
3 2
4 2
5 5
6 3
7 2
8 3
9 2
10 2
11 3
12 4
13 3
14 3
15 5
16 2
17 2
18 2
19 4
20 2
21 5
22 4
23 2
24 2
25 2
26 3
27 4
28 1
29 5
30 3
31 4
32 2
33 3
34 3
35 4
36 4
37 2
38 3
39 2
40 3
41 4
42 3
43 3
44 2
45 4
46 4
47 4
48 4
49 3
50 2
51 2
52 3
53 2
54 2
55 4
56 2
57 3
58 3
59 4
60 4
61 5
62 2
63 4
64 1
65 5
66 2
67 4
68 3
69 1
70 2
71 1
72 3
73 2
74 3
75 2
76 2
77 4
78 1
79 4
80 4
81 2
82 3
83 2
84 3
85 4
86 3
87 1
88 3
89 3
90 2
91 3
92 4
93 3
94 5
95 2
96 2
97 2
98 2
99 1
100 4
