1 13
2 14
3 12
4 14
5 13
6 13
7 13
8 14
9 13
10 14
11 12
12 12
13 15
14 13
15 13
16 12
17 14
18 13
19 14
20 13
21 12
22 13
23 12
24 14
25 12
26 14
27 13
28 14
29 13
30 13
31 12
32 14
33 12
34 12
35 12
36 14
37 14
38 13
39 13
40 13
41 13
42 13
43 13
44 12
45 14
46 13
47 13
48 13
49 14
50 14
51 13
52 12
53 13
54 12
55 13
56 13
57 13
58 13
59 14
60 13
61 13
62 12
63 13
64 12
65 13
66 13
67 13
68 12
69 14
70 13
71 12
72 12
73 12
74 14
75 12
76 11
77 13
78 12
79 13
80 13
81 13
82 13
83 13
84 13
85 13
86 13
87 13
88 13
89 12
90 12
91 13
92 12
93 13
94 13
95 12
96 12
97 12
98 13
99 15
100 12
