1 2
2 0
3 2
4 2
5 1
6 2
7 1
8 1
9 0
10 2
11 2
12 0
13 0
14 2
15 1
16 0
17 1
18 1
19 0
20 0
21 0
22 1
23 1
24 0
25 2
26 0
27 1
28 0
29 1
30 1
31 0
32 1
33 1
34 0
35 1
36 1
37 1
38 0
39 1
40 0
41 0
42 0
43 2
44 1
45 1
46 1
47 1
48 1
49 0
50 1
51 0
52 2
53 0
54 0
55 1
56 1
57 3
58 2
59 1
60 1
61 1
62 1
63 2
64 1
65 1
66 1
67 1
68 1
69 0
70 2
71 2
72 1
73 1
74 1
75 1
76 1
77 0
78 1
79 2
80 2
81 1
82 1
83 1
84 1
85 0
86 2
87 0
88 1
89 1
90 2
91 1
92 1
93 2
94 1
95 1
96 1
97 1
98 1
99 0
100 0
101 1
102 1
103 1
104 1
105 1
106 0
107 1
108 1
109 1
110 1
111 0
112 1
113 0
114 0
115 0
116 0
117 2
118 1
119 0
120 1
121 0
122 1
123 0
124 1
125 2
126 1
127 1
128 0
129 1
130 1
131 0
132 2
133 2
134 0
135 1
136 1
137 0
138 1
139 1
140 2
141 2
142 1
143 1
144 1
145 0
146 1
147 2
148 0
149 2
150 1
151 1
152 0
153 2
154 0
155 1
156 1
157 0
158 1
159 1
160 0
161 1
162 0
163 0
164 1
165 1
166 0
167 0
168 0
169 0
170 1
171 1
172 0
173 0
174 0
175 2
176 1
177 1
178 0
179 0
180 1
181 1
182 0
183 0
184 1
185 1
186 1
187 1
188 0
189 0
190 0
191 1
192 1
193 0
194 0
195 0
196 0
197 1
198 1
199 1
200 1
201 0
202 1
203 0
204 1
205 1
206 0
207 0
208 1
209 2
210 0
211 1
212 0
213 0
214 2
215 2
216 0
217 1
218 1
219 2
220 0
221 0
222 1
223 1
224 1
225 2
226 2
227 2
228 1
229 1
230 2
231 1
232 1
233 1
234 1
235 1
236 0
237 1
238 0
239 0
240 1
241 0
242 2
243 1
244 1
245 0
246 1
247 1
248 1
249 0
250 1
251 1
252 1
253 0
254 0
255 2
256 2
257 1
258 0
259 1
260 0
261 1
262 1
263 1
264 2
265 1
266 1
267 1
268 0
269 1
270 0
271 1
272 0
273 1
274 1
275 0
276 0
277 1
278 1
279 2
280 2
281 1
282 0
283 0
284 0
285 0
286 2
287 1
288 1
289 1
290 1
291 1
292 1
293 1
294 3
295 0
296 0
297 1
298 1
299 0
300 1
301 0
302 2
303 0
304 1
305 2
306 1
307 1
308 1
309 2
310 1
311 1
312 1
313 1
314 1
315 1
316 1
317 1
318 1
319 1
320 0
321 0
322 0
323 1
324 1
325 1
326 0
327 0
328 0
329 1
330 0
331 1
332 1
333 0
334 1
335 1
336 1
337 2
338 1
339 1
340 0
341 1
342 0
343 1
344 1
345 1
346 0
347 1
348 1
349 1
350 1
351 1
352 2
353 1
354 2
355 0
356 1
357 0
358 0
359 0
360 2
361 0
362 1
363 1
364 2
365 1
366 0
367 2
368 1
369 2
370 2
371 1
372 1
373 2
374 1
375 1
376 0
377 1
378 1
379 1
380 0
381 2
382 1
383 2
384 2
385 1
386 1
387 0
388 2
389 1
390 2
391 2
392 0
393 0
394 1
395 1
396 1
397 0
398 2
399 1
400 1
401 1
402 2
403 1
404 1
405 0
406 1
407 2
408 2
409 2
410 1
411 1
412 1
413 0
414 1
415 1
416 2
417 0
418 2
419 1
420 0
421 1
422 2
423 0
424 0
425 1
426 2
427 2
428 2
429 1
430 1
431 0
432 1
433 1
434 1
435 2
436 0
437 0
438 0
439 1
440 1
441 2
442 1
443 1
444 1
445 0
446 1
447 1
448 1
449 2
450 0
451 1
452 2
453 1
454 0
455 1
456 0
457 0
458 1
459 1
460 1
461 0
462 1
463 2
464 1
465 1
466 1
467 1
468 1
469 1
470 0
471 1
472 1
473 1
474 0
475 1
476 2
477 1
478 1
479 0
480 1
481 0
482 2
483 1
484 0
485 2
486 1
487 0
488 1
489 0
490 3
491 1
492 0
493 1
494 0
495 1
496 1
497 2
498 1
499 0
500 1
501 0
502 0
503 1
504 0
505 0
506 1
507 0
508 0
509 1
510 0
511 1
512 0
513 0
514 1
515 0
516 2
517 1
518 1
519 1
520 1
521 2
522 0
523 0
524 1
525 1
526 1
527 0
528 1
529 0
530 0
531 1
532 1
533 1
534 1
535 0
536 0
537 0
538 1
539 0
540 2
541 1
542 1
543 1
544 0
545 0
546 1
547 1
548 1
549 1
550 1
551 0
552 1
553 1
554 0
555 1
556 1
557 0
558 0
559 1
560 0
561 0
562 1
563 1
564 1
565 1
566 1
567 0
568 1
569 1
570 1
571 1
572 1
573 0
574 1
575 2
576 2
577 0
578 0
579 1
580 1
581 1
582 0
583 1
584 0
585 1
586 1
587 1
588 2
589 2
590 0
591 1
592 2
593 0
594 2
595 1
596 1
597 1
598 2
599 1
600 0
601 1
602 1
603 1
604 0
605 1
606 1
607 2
608 1
609 1
610 1
611 0
612 2
613 1
614 1
615 0
616 1
617 0
618 0
619 0
620 2
621 1
622 1
623 1
624 0
625 0
626 2
627 1
628 1
629 1
630 1
631 1
632 0
633 1
634 1
635 0
636 1
637 0
638 1
639 1
640 2
641 1
642 1
643 0
644 0
645 1
646 1
647 0
648 0
649 1
650 2
651 1
652 1
653 1
654 1
655 1
656 1
657 1
658 1
659 1
660 1
661 0
662 0
663 0
664 0
665 1
666 1
667 1
668 0
669 0
670 2
671 2
672 1
673 1
674 2
675 0
676 0
677 0
678 1
679 0
680 0
681 1
682 0
683 0
684 2
685 1
686 1
687 1
688 1
689 0
690 0
691 0
692 2
693 1
694 1
695 2
696 1
697 1
698 2
699 0
700 2
701 1
702 0
703 2
704 1
705 1
706 0
707 0
708 0
709 1
710 0
711 1
712 1
713 1
714 1
715 0
716 0
717 0
718 2
719 1
720 1
721 3
722 1
723 1
724 1
725 1
726 1
727 0
728 0
729 1
730 1
731 0
732 2
733 0
734 1
735 1
736 1
737 2
738 2
739 0
740 0
741 1
742 0
743 0
744 1
745 0
746 1
747 1
748 2
749 0
750 1
751 0
752 1
753 1
754 0
755 1
756 1
757 1
758 0
759 0
760 0
761 1
762 2
763 1
764 0
765 0
766 1
767 0
768 1
769 1
770 0
771 2
772 1
773 2
774 1
775 1
776 0
777 1
778 2
779 0
780 1
781 0
782 2
783 1
784 0
785 1
786 2
787 0
788 1
789 1
790 1
791 1
792 0
793 1
794 1
795 1
796 0
797 1
798 1
799 1
800 0
801 1
802 0
803 1
804 0
805 1
806 0
807 0
808 0
809 0
810 1
811 0
812 0
813 2
814 0
815 0
816 0
817 1
818 1
819 1
820 1
821 1
822 0
823 1
824 1
825 2
826 1
827 2
828 1
829 1
830 1
831 0
832 1
833 1
834 1
835 1
836 1
837 1
838 3
839 0
840 0
841 2
842 0
843 1
844 1
845 1
846 1
847 0
848 1
849 1
850 1
851 1
852 1
853 1
854 0
855 1
856 2
857 1
858 2
859 0
860 0
861 1
862 1
863 0
864 0
865 1
866 0
867 1
868 1
869 2
870 1
871 0
872 1
873 0
874 1
875 1
876 1
877 1
878 0
879 2
880 1
881 0
882 1
883 0
884 1
885 2
886 0
887 1
888 0
889 1
890 1
891 1
892 2
893 1
894 0
895 1
896 0
897 1
898 1
899 2
900 0
901 1
902 1
903 1
904 0
905 1
906 0
907 1
908 0
909 0
910 3
911 2
912 0
913 0
914 1
915 0
916 1
917 1
918 1
919 1
920 2
921 3
922 1
923 0
924 1
925 1
926 1
927 1
928 2
929 1
930 0
931 0
932 0
933 1
934 1
935 0
936 1
937 2
938 1
939 1
940 1
941 1
942 0
943 1
944 2
945 1
946 2
947 0
948 1
949 2
950 0
951 0
952 1
953 1
954 1
955 0
956 1
957 1
958 2
959 0
960 1
961 1
962 1
963 1
964 1
965 1
966 1
967 1
968 1
969 0
970 1
971 0
972 1
973 2
974 0
975 1
976 2
977 1
978 2
979 0
980 1
981 2
982 0
983 0
984 1
985 1
986 0
987 2
988 1
989 0
990 1
991 2
992 1
993 1
994 0
995 0
996 1
997 0
998 1
999 1
1000 1
