1 1
2 0
3 0
4 1
5 0
6 1
7 1
8 0
9 1
10 1
11 1
12 0
13 0
14 0
15 1
16 1
17 1
18 0
19 1
20 1
21 0
22 1
23 1
24 1
25 0
26 1
27 2
28 1
29 1
30 0
31 1
32 1
33 0
34 0
35 1
36 0
37 1
38 1
39 1
40 1
41 1
42 0
43 1
44 0
45 1
46 0
47 1
48 1
49 1
50 1
51 0
52 0
53 1
54 1
55 1
56 1
57 1
58 1
59 1
60 2
61 1
62 0
63 1
64 1
65 0
66 0
67 1
68 0
69 0
70 0
71 0
72 0
73 1
74 0
75 0
76 1
77 1
78 1
79 0
80 1
81 0
82 1
83 0
84 1
85 0
86 1
87 0
88 1
89 1
90 2
91 1
92 1
93 1
94 1
95 0
96 1
97 0
98 0
99 1
100 1
101 1
102 0
103 0
104 1
105 0
106 1
107 1
108 0
109 0
110 0
111 0
112 1
113 2
114 1
115 1
116 1
117 0
118 0
119 0
120 1
121 1
122 1
123 1
124 1
125 2
126 1
127 1
128 1
129 0
130 2
131 1
132 1
133 2
134 0
135 1
136 2
137 1
138 0
139 0
140 0
141 0
142 1
143 1
144 1
145 0
146 0
147 0
148 1
149 0
150 1
151 1
152 0
153 1
154 1
155 1
156 1
157 1
158 1
159 1
160 0
161 0
162 1
163 1
164 1
165 1
166 1
167 1
168 0
169 1
170 1
171 2
172 0
173 1
174 0
175 0
176 1
177 1
178 0
179 2
180 0
181 0
182 2
183 0
184 1
185 1
186 0
187 2
188 1
189 0
190 1
191 1
192 2
193 1
194 0
195 1
196 1
197 1
198 0
199 1
200 1
201 0
202 1
203 1
204 0
205 1
206 0
207 1
208 0
209 1
210 1
211 1
212 1
213 1
214 1
215 0
216 1
217 1
218 1
219 1
220 1
221 0
222 1
223 1
224 0
225 0
226 0
227 1
228 2
229 2
230 1
231 1
232 1
233 0
234 1
235 1
236 2
237 2
238 0
239 0
240 0
241 1
242 1
243 1
244 0
245 1
246 1
247 1
248 1
249 1
250 0
251 0
252 0
253 0
254 0
255 1
256 1
257 1
258 2
259 0
260 1
261 1
262 1
263 2
264 0
265 0
266 0
267 2
268 0
269 1
270 1
271 1
272 1
273 1
274 1
275 1
276 0
277 2
278 1
279 1
280 0
281 1
282 0
283 0
284 0
285 1
286 0
287 1
288 0
289 1
290 0
291 2
292 1
293 1
294 0
295 0
296 1
297 0
298 0
299 0
300 1
301 0
302 2
303 1
304 1
305 2
306 1
307 1
308 2
309 1
310 0
311 0
312 1
313 1
314 1
315 0
316 0
317 0
318 1
319 1
320 0
321 1
322 0
323 0
324 0
325 1
326 1
327 2
328 0
329 0
330 2
331 1
332 1
333 1
334 0
335 1
336 1
337 1
338 1
339 1
340 1
341 1
342 0
343 1
344 1
345 0
346 1
347 0
348 0
349 1
350 0
351 0
352 0
353 0
354 0
355 0
356 0
357 1
358 0
359 0
360 2
361 0
362 1
363 1
364 0
365 1
366 0
367 0
368 0
369 0
370 2
371 1
372 1
373 1
374 0
375 0
376 0
377 0
378 1
379 2
380 1
381 1
382 0
383 0
384 1
385 1
386 1
387 0
388 0
389 0
390 2
391 2
392 1
393 0
394 0
395 1
396 1
397 0
398 0
399 1
400 0
401 1
402 2
403 1
404 0
405 0
406 2
407 0
408 1
409 1
410 1
411 0
412 1
413 1
414 0
415 0
416 1
417 1
418 0
419 0
420 2
421 0
422 2
423 1
424 2
425 1
426 0
427 1
428 1
429 0
430 0
431 1
432 1
433 1
434 1
435 0
436 2
437 1
438 0
439 0
440 0
441 0
442 0
443 0
444 0
445 0
446 0
447 1
448 0
449 1
450 2
451 1
452 2
453 1
454 1
455 0
456 0
457 1
458 0
459 0
460 2
461 1
462 0
463 0
464 1
465 0
466 1
467 0
468 2
469 0
470 0
471 1
472 1
473 1
474 0
475 0
476 1
477 1
478 2
479 0
480 2
481 0
482 1
483 1
484 0
485 0
486 1
487 1
488 0
489 3
490 1
491 0
492 1
493 0
494 0
495 1
496 1
497 0
498 0
499 0
500 2
501 1
502 1
503 1
504 0
505 1
506 1
507 0
508 1
509 0
510 0
511 0
512 0
513 1
514 1
515 1
516 0
517 1
518 1
519 0
520 2
521 1
522 2
523 0
524 1
525 1
526 0
527 1
528 1
529 1
530 0
531 0
532 1
533 0
534 0
535 1
536 1
537 1
538 1
539 1
540 0
541 0
542 0
543 2
544 1
545 1
546 0
547 0
548 1
549 2
550 0
551 2
552 1
553 1
554 0
555 0
556 0
557 2
558 1
559 1
560 1
561 0
562 1
563 0
564 1
565 1
566 0
567 1
568 2
569 1
570 1
571 1
572 1
573 1
574 0
575 0
576 1
577 0
578 2
579 1
580 0
581 1
582 0
583 0
584 0
585 1
586 1
587 1
588 1
589 1
590 0
591 1
592 0
593 1
594 1
595 1
596 0
597 2
598 1
599 1
600 0
601 0
602 1
603 0
604 1
605 0
606 1
607 0
608 0
609 2
610 1
611 0
612 0
613 1
614 1
615 1
616 1
617 0
618 2
619 1
620 1
621 1
622 0
623 0
624 0
625 1
626 0
627 0
628 1
629 0
630 1
631 1
632 1
633 1
634 1
635 0
636 0
637 1
638 0
639 2
640 1
641 1
642 1
643 1
644 1
645 1
646 0
647 1
648 0
649 0
650 0
651 0
652 1
653 1
654 0
655 2
656 1
657 1
658 0
659 0
660 1
661 1
662 1
663 1
664 0
665 0
666 1
667 1
668 0
669 0
670 0
671 1
672 1
673 1
674 1
675 1
676 0
677 1
678 1
679 1
680 0
681 0
682 1
683 0
684 1
685 1
686 0
687 1
688 1
689 0
690 1
691 1
692 1
693 1
694 0
695 0
696 1
697 1
698 1
699 1
700 1
701 0
702 0
703 0
704 0
705 1
706 1
707 1
708 0
709 2
710 0
711 0
712 0
713 1
714 1
715 0
716 1
717 0
718 1
719 1
720 1
721 1
722 1
723 1
724 1
725 1
726 1
727 2
728 1
729 0
730 0
731 0
732 1
733 1
734 0
735 1
736 1
737 1
738 1
739 0
740 0
741 1
742 0
743 0
744 1
745 0
746 1
747 1
748 1
749 0
750 1
751 1
752 1
753 0
754 1
755 1
756 0
757 0
758 1
759 1
760 1
761 1
762 0
763 2
764 1
765 0
766 0
767 0
768 0
769 1
770 0
771 1
772 1
773 1
774 0
775 0
776 0
777 0
778 0
779 0
780 1
781 1
782 1
783 2
784 1
785 0
786 1
787 0
788 1
789 0
790 0
791 0
792 1
793 1
794 1
795 1
796 0
797 0
798 1
799 1
800 1
801 0
802 0
803 0
804 1
805 1
806 1
807 0
808 0
809 0
810 0
811 1
812 1
813 1
814 0
815 1
816 1
817 0
818 1
819 0
820 0
821 1
822 1
823 1
824 0
825 1
826 0
827 1
828 0
829 0
830 1
831 1
832 1
833 1
834 1
835 2
836 1
837 1
838 1
839 1
840 1
841 1
842 1
843 1
844 0
845 0
846 1
847 0
848 0
849 0
850 2
851 1
852 1
853 0
854 0
855 2
856 1
857 1
858 1
859 1
860 0
861 1
862 1
863 1
864 0
865 1
866 0
867 0
868 1
869 0
870 1
871 1
872 2
873 0
874 1
875 1
876 1
877 2
878 1
879 1
880 1
881 1
882 0
883 0
884 1
885 1
886 2
887 1
888 1
889 1
890 2
891 1
892 1
893 1
894 0
895 0
896 1
897 0
898 1
899 1
900 1
901 2
902 0
903 3
904 0
905 1
906 1
907 0
908 0
909 1
910 1
911 0
912 1
913 1
914 1
915 0
916 0
917 0
918 1
919 0
920 1
921 1
922 0
923 1
924 1
925 1
926 1
927 1
928 1
929 1
930 1
931 0
932 1
933 1
934 1
935 1
936 1
937 1
938 1
939 0
940 2
941 0
942 0
943 1
944 0
945 1
946 0
947 1
948 0
949 2
950 2
951 1
952 1
953 1
954 1
955 2
956 1
957 0
958 1
959 0
960 0
961 1
962 0
963 1
964 1
965 2
966 1
967 0
968 1
969 0
970 1
971 1
972 0
973 1
974 0
975 1
976 1
977 1
978 0
979 2
980 0
981 0
982 1
983 0
984 0
985 0
986 1
987 1
988 1
989 1
990 2
991 1
992 1
993 0
994 2
995 1
996 1
997 2
998 1
999 2
1000 1
