1 0
2 1
3 1
4 0
5 0
6 0
7 0
8 1
9 1
10 0
11 2
12 1
13 0
14 1
15 1
16 2
17 1
18 0
19 0
20 0
21 1
22 0
23 0
24 2
25 2
26 1
27 1
28 1
29 1
30 0
31 0
32 0
33 1
34 1
35 2
36 1
37 1
38 1
39 2
40 1
41 0
42 1
43 2
44 0
45 1
46 1
47 1
48 0
49 1
50 0
51 2
52 0
53 1
54 1
55 1
56 1
57 1
58 2
59 1
60 2
61 2
62 0
63 2
64 0
65 1
66 1
67 1
68 0
69 1
70 1
71 2
72 0
73 1
74 2
75 0
76 1
77 1
78 1
79 1
80 0
81 1
82 1
83 2
84 2
85 1
86 1
87 1
88 3
89 1
90 1
91 0
92 0
93 0
94 0
95 1
96 1
97 1
98 1
99 0
100 2
101 1
102 1
103 1
104 1
105 1
106 1
107 2
108 1
109 0
110 1
111 1
112 1
113 1
114 0
115 0
116 0
117 1
118 1
119 1
120 1
121 0
122 1
123 1
124 1
125 1
126 0
127 1
128 0
129 0
130 0
131 1
132 1
133 1
134 0
135 1
136 1
137 2
138 1
139 0
140 1
141 2
142 0
143 1
144 2
145 0
146 1
147 1
148 1
149 1
150 1
151 1
152 1
153 1
154 2
155 1
156 1
157 1
158 1
159 1
160 1
161 2
162 0
163 1
164 0
165 1
166 2
167 3
168 2
169 2
170 2
171 0
172 2
173 1
174 1
175 0
176 0
177 1
178 1
179 0
180 1
181 2
182 1
183 1
184 0
185 3
186 1
187 1
188 1
189 1
190 1
191 2
192 0
193 0
194 1
195 0
196 1
197 0
198 1
199 2
200 1
201 2
202 0
203 0
204 0
205 0
206 0
207 1
208 1
209 1
210 1
211 1
212 1
213 2
214 0
215 1
216 0
217 1
218 0
219 0
220 1
221 1
222 0
223 0
224 0
225 2
226 0
227 0
228 0
229 1
230 0
231 2
232 1
233 1
234 1
235 2
236 0
237 1
238 1
239 1
240 0
241 2
242 1
243 1
244 1
245 1
246 1
247 1
248 0
249 1
250 1
251 1
252 1
253 1
254 1
255 2
256 2
257 1
258 1
259 0
260 0
261 0
262 0
263 2
264 2
265 0
266 0
267 1
268 1
269 2
270 1
271 1
272 1
273 1
274 2
275 1
276 0
277 0
278 1
279 0
280 1
281 0
282 1
283 1
284 0
285 1
286 0
287 1
288 1
289 1
290 1
291 2
292 1
293 1
294 0
295 0
296 1
297 2
298 1
299 1
300 1
301 1
302 0
303 0
304 1
305 1
306 1
307 2
308 1
309 0
310 2
311 0
312 0
313 1
314 2
315 1
316 1
317 0
318 0
319 0
320 1
321 2
322 1
323 0
324 0
325 1
326 1
327 0
328 0
329 1
330 0
331 1
332 0
333 1
334 1
335 2
336 1
337 0
338 0
339 1
340 1
341 0
342 0
343 0
344 0
345 0
346 1
347 1
348 1
349 1
350 0
351 2
352 1
353 1
354 2
355 0
356 1
357 1
358 1
359 2
360 1
361 1
362 1
363 0
364 1
365 2
366 0
367 0
368 0
369 0
370 1
371 1
372 1
373 1
374 2
375 2
376 0
377 2
378 1
379 1
380 1
381 1
382 1
383 1
384 1
385 1
386 0
387 0
388 1
389 1
390 1
391 2
392 1
393 1
394 0
395 1
396 1
397 2
398 2
399 1
400 1
401 1
402 1
403 1
404 0
405 0
406 1
407 1
408 1
409 0
410 1
411 0
412 1
413 1
414 0
415 1
416 2
417 1
418 2
419 0
420 0
421 1
422 1
423 1
424 1
425 0
426 0
427 0
428 2
429 1
430 1
431 1
432 2
433 2
434 1
435 0
436 1
437 1
438 1
439 1
440 0
441 1
442 0
443 1
444 1
445 0
446 1
447 2
448 1
449 0
450 1
451 1
452 0
453 1
454 1
455 1
456 1
457 0
458 1
459 1
460 1
461 1
462 1
463 0
464 1
465 1
466 0
467 2
468 2
469 1
470 1
471 2
472 0
473 1
474 0
475 0
476 1
477 1
478 1
479 1
480 0
481 1
482 1
483 0
484 2
485 1
486 1
487 2
488 0
489 0
490 1
491 1
492 1
493 1
494 0
495 0
496 1
497 0
498 0
499 1
500 0
501 1
502 1
503 0
504 2
505 1
506 0
507 2
508 0
509 1
510 0
511 1
512 0
513 1
514 0
515 0
516 2
517 0
518 0
519 0
520 1
521 1
522 1
523 1
524 1
525 1
526 0
527 1
528 1
529 1
530 0
531 1
532 0
533 0
534 1
535 1
536 0
537 1
538 1
539 1
540 0
541 1
542 0
543 0
544 1
545 1
546 2
547 1
548 1
549 1
550 0
551 0
552 1
553 1
554 0
555 1
556 1
557 1
558 1
559 1
560 1
561 1
562 1
563 1
564 0
565 0
566 1
567 2
568 1
569 1
570 1
571 1
572 1
573 1
574 0
575 1
576 2
577 1
578 0
579 0
580 1
581 1
582 1
583 1
584 1
585 1
586 0
587 2
588 0
589 3
590 1
591 2
592 1
593 0
594 0
595 0
596 0
597 1
598 1
599 0
600 1
601 0
602 1
603 0
604 1
605 0
606 1
607 0
608 1
609 1
610 1
611 0
612 1
613 0
614 1
615 0
616 1
617 2
618 1
619 1
620 1
621 0
622 1
623 1
624 1
625 0
626 0
627 0
628 1
629 1
630 0
631 1
632 0
633 1
634 0
635 2
636 1
637 2
638 2
639 1
640 2
641 2
642 0
643 1
644 1
645 0
646 1
647 1
648 0
649 1
650 0
651 1
652 1
653 1
654 0
655 0
656 1
657 1
658 1
659 1
660 1
661 1
662 1
663 0
664 1
665 0
666 1
667 1
668 2
669 2
670 1
671 1
672 1
673 0
674 2
675 0
676 1
677 1
678 2
679 0
680 0
681 2
682 0
683 1
684 2
685 1
686 0
687 0
688 1
689 1
690 2
691 1
692 0
693 1
694 0
695 1
696 1
697 1
698 1
699 1
700 1
701 1
702 0
703 1
704 2
705 2
706 1
707 1
708 0
709 0
710 0
711 0
712 0
713 3
714 1
715 2
716 1
717 2
718 1
719 1
720 1
721 1
722 1
723 0
724 1
725 0
726 2
727 2
728 0
729 0
730 1
731 0
732 1
733 1
734 1
735 0
736 0
737 1
738 1
739 0
740 1
741 2
742 0
743 0
744 0
745 1
746 1
747 1
748 2
749 1
750 1
751 0
752 0
753 1
754 1
755 1
756 1
757 1
758 1
759 0
760 1
761 1
762 2
763 0
764 0
765 0
766 1
767 1
768 1
769 1
770 0
771 1
772 0
773 1
774 1
775 1
776 1
777 1
778 0
779 0
780 1
781 1
782 0
783 1
784 0
785 1
786 1
787 1
788 0
789 1
790 1
791 1
792 1
793 2
794 0
795 1
796 2
797 0
798 1
799 0
800 1
801 1
802 0
803 2
804 1
805 2
806 0
807 1
808 1
809 1
810 0
811 1
812 2
813 1
814 1
815 1
816 2
817 0
818 1
819 1
820 2
821 1
822 1
823 1
824 2
825 1
826 2
827 2
828 0
829 1
830 1
831 1
832 1
833 0
834 0
835 0
836 1
837 1
838 1
839 1
840 1
841 1
842 0
843 1
844 1
845 0
846 2
847 1
848 1
849 1
850 1
851 1
852 1
853 1
854 1
855 1
856 2
857 0
858 0
859 0
860 2
861 0
862 1
863 1
864 1
865 1
866 1
867 1
868 0
869 1
870 1
871 1
872 0
873 1
874 1
875 0
876 0
877 3
878 1
879 0
880 2
881 1
882 1
883 0
884 0
885 1
886 0
887 2
888 1
889 0
890 1
891 1
892 1
893 1
894 1
895 2
896 2
897 1
898 1
899 1
900 0
901 2
902 2
903 0
904 0
905 0
906 1
907 1
908 1
909 0
910 1
911 0
912 2
913 1
914 1
915 1
916 1
917 0
918 2
919 2
920 1
921 0
922 1
923 0
924 2
925 2
926 1
927 1
928 1
929 0
930 0
931 1
932 0
933 1
934 1
935 0
936 0
937 1
938 1
939 1
940 1
941 1
942 1
943 2
944 1
945 1
946 1
947 1
948 1
949 1
950 1
951 0
952 1
953 0
954 1
955 0
956 0
957 1
958 1
959 2
960 1
961 0
962 1
963 1
964 1
965 1
966 1
967 0
968 1
969 1
970 1
971 0
972 1
973 0
974 1
975 2
976 1
977 1
978 1
979 1
980 2
981 1
982 0
983 0
984 1
985 2
986 0
987 0
988 1
989 1
990 1
991 0
992 1
993 0
994 0
995 0
996 0
997 1
998 0
999 0
1000 2
