1 3
2 3
3 3
4 4
5 3
6 4
7 3
8 4
9 3
10 3
11 3
12 4
13 3
14 3
15 3
16 3
17 3
18 3
19 3
20 4
21 4
22 3
23 4
24 3
25 4
26 3
27 3
28 3
29 3
30 3
31 3
32 3
33 3
34 4
35 3
36 4
37 3
38 3
39 4
40 3
41 3
42 4
43 3
44 3
45 3
46 4
47 3
48 3
49 3
50 3
51 3
52 3
53 3
54 4
55 3
56 3
57 3
58 4
59 4
60 4
61 4
62 3
63 4
64 3
65 3
66 3
67 3
68 4
69 3
70 4
71 4
72 4
73 4
74 4
75 3
76 4
77 3
78 4
79 3
80 4
81 3
82 4
83 3
84 4
85 3
86 4
87 3
88 3
89 3
90 3
91 3
92 3
93 4
94 3
95 3
96 3
97 4
98 4
99 3
100 3
101 4
102 3
103 3
104 4
105 4
106 3
107 3
108 4
109 4
110 3
111 3
112 3
113 3
114 3
115 3
116 4
117 3
118 3
119 3
120 3
121 3
122 4
123 3
124 3
125 3
126 4
127 3
128 3
129 3
130 3
131 3
132 3
133 3
134 3
135 3
136 3
137 3
138 3
139 3
140 3
141 4
142 4
143 4
144 3
145 3
146 2
147 3
148 3
149 3
150 4
151 3
152 3
153 4
154 3
155 3
156 4
157 3
158 4
159 4
160 4
161 3
162 3
163 3
164 4
165 4
166 3
167 3
168 3
169 3
170 3
171 3
172 3
173 4
174 3
175 4
176 4
177 4
178 4
179 3
180 3
181 3
182 3
183 3
184 3
185 3
186 3
187 4
188 4
189 3
190 3
191 3
192 4
193 4
194 3
195 3
196 3
197 3
198 3
199 3
200 3
201 3
202 4
203 3
204 3
205 3
206 3
207 3
208 3
209 4
210 3
211 3
212 4
213 3
214 4
215 4
216 3
217 4
218 4
219 3
220 3
221 3
222 3
223 3
224 4
225 3
226 4
227 3
228 3
229 3
230 3
231 3
232 4
233 3
234 4
235 4
236 3
237 3
238 3
239 3
240 3
241 3
242 3
243 4
244 3
245 4
246 3
247 4
248 3
249 4
250 3
251 3
252 4
253 3
254 4
255 3
256 4
257 3
258 4
259 3
260 3
261 3
262 3
263 4
264 3
265 3
266 3
267 3
268 3
269 3
270 3
271 3
272 3
273 3
274 3
275 4
276 4
277 4
278 3
279 3
280 3
281 4
282 3
283 3
284 3
285 3
286 3
287 3
288 4
289 2
290 3
291 4
292 3
293 4
294 3
295 3
296 4
297 4
298 4
299 4
300 3
301 3
302 4
303 4
304 3
305 3
306 4
307 4
308 3
309 3
310 4
311 4
312 4
313 3
314 3
315 3
316 3
317 3
318 4
319 3
320 4
321 3
322 3
323 2
324 4
325 3
326 3
327 3
328 4
329 3
330 3
331 3
332 3
333 3
334 3
335 3
336 2
337 4
338 3
339 3
340 3
341 3
342 3
343 3
344 3
345 3
346 3
347 3
348 3
349 3
350 3
351 3
352 3
353 3
354 3
355 3
356 3
357 3
358 3
359 3
360 3
361 3
362 4
363 3
364 4
365 3
366 4
367 3
368 4
369 4
370 3
371 3
372 4
373 3
374 4
375 3
376 3
377 3
378 4
379 3
380 4
381 3
382 3
383 3
384 3
385 3
386 3
387 3
388 3
389 4
390 3
391 3
392 4
393 3
394 4
395 3
396 3
397 3
398 4
399 3
400 3
401 3
402 4
403 4
404 3
405 3
406 4
407 3
408 3
409 3
410 4
411 3
412 3
413 4
414 3
415 4
416 3
417 3
418 4
419 4
420 3
421 3
422 4
423 3
424 4
425 4
426 3
427 3
428 4
429 3
430 3
431 3
432 3
433 4
434 3
435 3
436 4
437 3
438 3
439 4
440 3
441 3
442 4
443 4
444 3
445 4
446 4
447 3
448 3
449 3
450 4
451 3
452 3
453 4
454 3
455 3
456 3
457 3
458 4
459 3
460 3
461 3
462 3
463 3
464 3
465 4
466 4
467 3
468 3
469 3
470 3
471 3
472 3
473 3
474 3
475 4
476 3
477 3
478 4
479 3
480 3
481 3
482 3
483 4
484 4
485 4
486 4
487 3
488 3
489 4
490 3
491 3
492 3
493 3
494 3
495 4
496 3
497 4
498 3
499 3
500 3
501 3
502 3
503 3
504 3
505 3
506 3
507 3
508 4
509 4
510 3
511 4
512 3
513 4
514 3
515 3
516 3
517 3
518 3
519 3
520 4
521 4
522 3
523 4
524 3
525 3
526 3
527 4
528 4
529 4
530 3
531 3
532 3
533 3
534 3
535 3
536 3
537 3
538 4
539 3
540 4
541 3
542 4
543 3
544 3
545 3
546 4
547 3
548 3
549 3
550 4
551 4
552 3
553 3
554 3
555 3
556 4
557 3
558 4
559 3
560 4
561 4
562 4
563 3
564 3
565 4
566 3
567 4
568 4
569 3
570 2
571 4
572 4
573 3
574 3
575 3
576 4
577 3
578 3
579 3
580 3
581 3
582 3
583 3
584 3
585 3
586 4
587 4
588 4
589 4
590 3
591 3
592 4
593 3
594 3
595 3
596 4
597 3
598 3
599 4
600 4
601 3
602 4
603 3
604 3
605 3
606 3
607 3
608 4
609 3
610 3
611 4
612 3
613 3
614 3
615 3
616 3
617 3
618 3
619 3
620 3
621 3
622 3
623 3
624 3
625 3
626 3
627 3
628 3
629 3
630 3
631 4
632 3
633 4
634 4
635 3
636 4
637 4
638 3
639 3
640 3
641 3
642 4
643 4
644 3
645 4
646 3
647 3
648 3
649 3
650 3
651 3
652 4
653 4
654 4
655 3
656 3
657 3
658 4
659 3
660 3
661 3
662 3
663 4
664 4
665 4
666 3
667 4
668 3
669 4
670 3
671 3
672 3
673 3
674 3
675 3
676 3
677 4
678 4
679 4
680 3
681 3
682 4
683 4
684 2
685 4
686 3
687 3
688 3
689 3
690 3
691 3
692 3
693 3
694 3
695 3
696 3
697 3
698 4
699 4
700 3
701 4
702 3
703 3
704 3
705 3
706 3
707 3
708 4
709 3
710 4
711 4
712 3
713 3
714 4
715 3
716 3
717 3
718 4
719 4
720 3
721 3
722 3
723 3
724 3
725 3
726 3
727 3
728 4
729 3
730 3
731 3
732 3
733 3
734 4
735 3
736 3
737 3
738 3
739 4
740 4
741 4
742 4
743 3
744 3
745 3
746 3
747 3
748 4
749 4
750 3
751 3
752 3
753 4
754 3
755 4
756 3
757 4
758 3
759 3
760 3
761 3
762 4
763 4
764 3
765 4
766 3
767 4
768 4
769 4
770 3
771 2
772 3
773 3
774 4
775 3
776 3
777 4
778 3
779 3
780 3
781 3
782 3
783 3
784 4
785 3
786 3
787 3
788 3
789 3
790 3
791 4
792 3
793 3
794 4
795 3
796 3
797 3
798 3
799 4
800 3
801 4
802 3
803 3
804 3
805 3
806 3
807 3
808 3
809 4
810 4
811 3
812 3
813 3
814 3
815 3
816 3
817 3
818 3
819 3
820 4
821 4
822 3
823 3
824 3
825 4
826 3
827 4
828 4
829 3
830 3
831 3
832 3
833 4
834 3
835 3
836 3
837 3
838 4
839 3
840 3
841 3
842 3
843 3
844 3
845 3
846 3
847 3
848 3
849 3
850 3
851 3
852 3
853 3
854 3
855 3
856 3
857 3
858 3
859 3
860 4
861 3
862 4
863 3
864 4
865 3
866 4
867 3
868 3
869 3
870 3
871 4
872 4
873 3
874 3
875 3
876 3
877 3
878 3
879 3
880 3
881 3
882 3
883 3
884 3
885 3
886 3
887 3
888 3
889 3
890 4
891 4
892 4
893 3
894 3
895 3
896 3
897 3
898 3
899 4
900 3
901 3
902 4
903 3
904 3
905 4
906 3
907 3
908 3
909 3
910 3
911 3
912 3
913 3
914 3
915 3
916 3
917 4
918 3
919 3
920 3
921 3
922 4
923 3
924 4
925 3
926 3
927 3
928 3
929 3
930 4
931 4
932 3
933 3
934 3
935 3
936 4
937 4
938 3
939 3
940 4
941 3
942 4
943 3
944 4
945 4
946 3
947 3
948 4
949 4
950 3
951 3
952 3
953 3
954 3
955 4
956 4
957 4
958 3
959 3
960 3
961 3
962 4
963 4
964 4
965 4
966 4
967 3
968 4
969 3
970 4
971 4
972 3
973 3
974 3
975 3
976 3
977 3
978 3
979 3
980 3
981 4
982 3
983 4
984 3
985 3
986 3
987 3
988 4
989 3
990 3
991 3
992 4
993 3
994 4
995 4
996 3
997 3
998 3
999 3
1000 3
