1 2
2 2
3 3
4 2
5 2
6 1
7 2
8 3
9 1
10 2
11 2
12 3
13 2
14 1
15 2
16 3
17 2
18 2
19 1
20 2
21 2
22 2
23 1
24 3
25 1
26 2
27 1
28 2
29 2
30 3
31 2
32 2
33 1
34 2
35 2
36 1
37 2
38 2
39 3
40 3
41 1
42 2
43 1
44 1
45 2
46 2
47 1
48 2
49 3
50 2
51 2
52 2
53 2
54 2
55 2
56 3
57 2
58 2
59 1
60 1
61 3
62 1
63 3
64 1
65 2
66 2
67 1
68 1
69 1
70 2
71 2
72 2
73 2
74 2
75 2
76 2
77 2
78 3
79 2
80 2
81 1
82 2
83 2
84 2
85 2
86 1
87 2
88 2
89 2
90 2
91 2
92 2
93 1
94 3
95 2
96 1
97 2
98 2
99 1
100 3
101 2
102 2
103 2
104 1
105 1
106 2
107 2
108 3
109 1
110 2
111 2
112 3
113 1
114 2
115 2
116 2
117 3
118 2
119 1
120 2
121 3
122 2
123 1
124 1
125 2
126 2
127 1
128 1
129 1
130 2
131 1
132 1
133 1
134 2
135 1
136 2
137 2
138 2
139 1
140 2
141 1
142 0
143 3
144 2
145 3
146 2
147 3
148 2
149 2
150 1
151 2
152 1
153 2
154 3
155 2
156 0
157 2
158 2
159 2
160 2
161 2
162 2
163 2
164 3
165 1
166 3
167 2
168 1
169 0
170 2
171 1
172 1
173 2
174 1
175 2
176 3
177 1
178 1
179 1
180 1
181 1
182 1
183 2
184 2
185 3
186 2
187 2
188 2
189 3
190 3
191 2
192 1
193 2
194 0
195 3
196 2
197 1
198 3
199 1
200 2
201 2
202 3
203 3
204 2
205 2
206 1
207 1
208 3
209 3
210 2
211 2
212 1
213 2
214 2
215 2
216 1
217 1
218 1
219 2
220 2
221 1
222 2
223 1
224 1
225 1
226 2
227 2
228 1
229 3
230 2
231 1
232 1
233 2
234 2
235 2
236 2
237 2
238 2
239 2
240 1
241 3
242 3
243 2
244 2
245 2
246 3
247 2
248 2
249 1
250 1
251 2
252 1
253 3
254 1
255 2
256 2
257 2
258 3
259 2
260 1
261 2
262 3
263 2
264 2
265 2
266 1
267 2
268 2
269 2
270 2
271 2
272 2
273 3
274 2
275 1
276 2
277 2
278 1
279 2
280 2
281 1
282 3
283 1
284 2
285 2
286 3
287 1
288 2
289 2
290 3
291 2
292 1
293 2
294 2
295 2
296 1
297 2
298 3
299 3
300 4
301 2
302 2
303 2
304 2
305 3
306 1
307 1
308 1
309 2
310 2
311 2
312 2
313 2
314 2
315 1
316 3
317 1
318 2
319 2
320 1
321 2
322 2
323 2
324 2
325 3
326 2
327 2
328 1
329 2
330 3
331 1
332 2
333 1
334 2
335 1
336 2
337 2
338 2
339 1
340 2
341 2
342 1
343 2
344 2
345 1
346 1
347 2
348 2
349 0
350 2
351 2
352 2
353 2
354 2
355 3
356 1
357 2
358 1
359 2
360 2
361 2
362 1
363 2
364 3
365 2
366 1
367 2
368 1
369 2
370 1
371 1
372 2
373 4
374 2
375 3
376 2
377 2
378 2
379 1
380 2
381 2
382 2
383 2
384 2
385 1
386 2
387 2
388 1
389 3
390 1
391 1
392 3
393 2
394 2
395 1
396 2
397 2
398 2
399 3
400 3
401 1
402 2
403 2
404 1
405 1
406 2
407 3
408 2
409 2
410 3
411 2
412 3
413 3
414 1
415 1
416 2
417 1
418 1
419 2
420 2
421 3
422 3
423 1
424 1
425 2
426 2
427 2
428 2
429 1
430 1
431 2
432 3
433 1
434 1
435 3
436 2
437 1
438 1
439 1
440 1
441 2
442 2
443 2
444 2
445 2
446 2
447 2
448 2
449 1
450 2
451 2
452 3
453 4
454 2
455 2
456 2
457 2
458 1
459 2
460 3
461 1
462 2
463 2
464 2
465 3
466 1
467 3
468 2
469 2
470 1
471 1
472 1
473 2
474 2
475 2
476 3
477 1
478 2
479 1
480 2
481 2
482 1
483 1
484 2
485 3
486 2
487 2
488 2
489 3
490 2
491 1
492 3
493 2
494 2
495 3
496 2
497 2
498 3
499 2
500 3
501 2
502 1
503 3
504 2
505 2
506 1
507 1
508 2
509 1
510 1
511 2
512 2
513 2
514 2
515 2
516 2
517 1
518 2
519 2
520 1
521 2
522 3
523 2
524 3
525 2
526 1
527 2
528 2
529 3
530 1
531 2
532 1
533 3
534 2
535 1
536 4
537 2
538 2
539 2
540 3
541 1
542 3
543 2
544 2
545 3
546 2
547 1
548 1
549 1
550 2
551 2
552 3
553 2
554 2
555 2
556 1
557 2
558 1
559 1
560 2
561 2
562 2
563 3
564 1
565 2
566 2
567 2
568 2
569 2
570 1
571 1
572 3
573 2
574 2
575 2
576 2
577 3
578 2
579 2
580 3
581 1
582 0
583 1
584 4
585 2
586 3
587 2
588 3
589 4
590 2
591 2
592 1
593 1
594 2
595 2
596 2
597 1
598 2
599 3
600 2
601 2
602 1
603 2
604 1
605 3
606 2
607 2
608 3
609 2
610 1
611 2
612 2
613 2
614 2
615 2
616 2
617 3
618 1
619 3
620 2
621 1
622 2
623 1
624 2
625 1
626 2
627 2
628 2
629 1
630 2
631 1
632 3
633 2
634 3
635 1
636 2
637 2
638 1
639 3
640 1
641 2
642 2
643 1
644 2
645 2
646 3
647 2
648 2
649 3
650 2
651 2
652 2
653 2
654 2
655 3
656 1
657 2
658 2
659 2
660 2
661 1
662 1
663 2
664 2
665 2
666 1
667 3
668 2
669 2
670 2
671 2
672 1
673 1
674 1
675 1
676 1
677 2
678 1
679 2
680 2
681 2
682 3
683 1
684 2
685 2
686 1
687 2
688 1
689 2
690 1
691 2
692 2
693 2
694 2
695 2
696 1
697 2
698 2
699 2
700 2
701 2
702 3
703 2
704 3
705 2
706 3
707 2
708 2
709 1
710 1
711 2
712 2
713 2
714 1
715 2
716 1
717 3
718 3
719 3
720 1
721 2
722 2
723 2
724 1
725 2
726 2
727 2
728 1
729 3
730 1
731 2
732 1
733 2
734 2
735 2
736 3
737 1
738 2
739 2
740 2
741 3
742 2
743 3
744 1
745 1
746 2
747 2
748 2
749 1
750 2
751 2
752 2
753 2
754 2
755 2
756 3
757 1
758 2
759 4
760 2
761 2
762 2
763 1
764 2
765 2
766 2
767 2
768 2
769 2
770 2
771 3
772 2
773 1
774 2
775 2
776 2
777 2
778 2
779 1
780 3
781 1
782 3
783 1
784 2
785 1
786 1
787 2
788 2
789 1
790 3
791 3
792 2
793 2
794 1
795 2
796 3
797 0
798 1
799 1
800 1
801 3
802 2
803 2
804 2
805 2
806 1
807 1
808 2
809 2
810 1
811 2
812 2
813 1
814 2
815 3
816 1
817 1
818 2
819 1
820 1
821 2
822 1
823 2
824 1
825 3
826 2
827 2
828 1
829 2
830 2
831 1
832 2
833 2
834 2
835 2
836 2
837 1
838 1
839 1
840 2
841 2
842 1
843 2
844 1
845 0
846 1
847 1
848 3
849 1
850 2
851 2
852 2
853 2
854 2
855 3
856 3
857 2
858 2
859 1
860 2
861 2
862 2
863 1
864 3
865 2
866 3
867 1
868 2
869 3
870 2
871 2
872 2
873 3
874 1
875 3
876 1
877 1
878 3
879 1
880 2
881 2
882 2
883 2
884 2
885 1
886 1
887 1
888 3
889 1
890 2
891 1
892 2
893 2
894 3
895 1
896 3
897 1
898 1
899 3
900 2
901 2
902 2
903 3
904 2
905 2
906 1
907 2
908 2
909 2
910 1
911 2
912 3
913 1
914 2
915 2
916 2
917 2
918 2
919 2
920 3
921 1
922 2
923 1
924 2
925 3
926 2
927 3
928 1
929 2
930 1
931 1
932 2
933 2
934 1
935 2
936 2
937 2
938 2
939 3
940 2
941 2
942 3
943 2
944 2
945 2
946 2
947 1
948 2
949 2
950 2
951 2
952 2
953 2
954 3
955 2
956 1
957 3
958 1
959 2
960 2
961 2
962 2
963 1
964 1
965 2
966 1
967 1
968 2
969 2
970 3
971 2
972 3
973 3
974 2
975 1
976 2
977 2
978 2
979 2
980 2
981 2
982 3
983 2
984 2
985 1
986 1
987 3
988 3
989 1
990 1
991 1
992 2
993 2
994 2
995 2
996 3
997 2
998 1
999 4
1000 2
