1 2
2 1
3 2
4 2
5 2
6 2
7 2
8 1
9 2
10 2
11 1
12 2
13 2
14 1
15 2
16 1
17 3
18 1
19 2
20 2
21 1
22 2
23 2
24 2
25 2
26 2
27 1
28 2
29 1
30 2
31 1
32 2
33 3
34 1
35 1
36 2
37 1
38 1
39 2
40 1
41 0
42 2
43 2
44 1
45 3
46 1
47 3
48 1
49 1
50 2
51 2
52 2
53 4
54 1
55 2
56 3
57 2
58 2
59 2
60 1
61 1
62 1
63 1
64 1
65 3
66 2
67 1
68 1
69 1
70 1
71 2
72 2
73 1
74 0
75 1
76 2
77 1
78 2
79 2
80 2
81 1
82 2
83 3
84 2
85 2
86 3
87 3
88 3
89 2
90 2
91 1
92 1
93 1
94 2
95 3
96 1
97 1
98 1
99 1
100 2
101 2
102 2
103 2
104 1
105 2
106 2
107 2
108 1
109 2
110 2
111 3
112 3
113 1
114 2
115 1
116 1
117 2
118 2
119 1
120 2
121 3
122 1
123 2
124 1
125 1
126 2
127 2
128 1
129 2
130 2
131 1
132 2
133 1
134 0
135 1
136 2
137 1
138 2
139 2
140 1
141 2
142 2
143 1
144 2
145 2
146 2
147 1
148 1
149 2
150 2
151 0
152 2
153 1
154 1
155 2
156 2
157 3
158 1
159 1
160 2
161 1
162 1
163 2
164 2
165 1
166 2
167 2
168 3
169 1
170 2
171 2
172 2
173 2
174 1
175 0
176 1
177 1
178 0
179 2
180 2
181 2
182 2
183 3
184 3
185 2
186 1
187 1
188 1
189 2
190 3
191 3
192 2
193 1
194 2
195 2
196 2
197 1
198 3
199 2
200 2
201 3
202 2
203 2
204 1
205 1
206 1
207 1
208 1
209 3
210 2
211 2
212 1
213 2
214 2
215 1
216 2
217 1
218 2
219 3
220 2
221 2
222 1
223 2
224 2
225 2
226 1
227 2
228 1
229 1
230 3
231 2
232 3
233 2
234 3
235 3
236 2
237 2
238 2
239 3
240 1
241 2
242 1
243 2
244 2
245 1
246 1
247 1
248 1
249 1
250 1
251 2
252 1
253 1
254 4
255 2
256 2
257 3
258 1
259 1
260 2
261 2
262 2
263 1
264 2
265 3
266 2
267 2
268 2
269 1
270 3
271 1
272 1
273 1
274 2
275 2
276 1
277 2
278 2
279 2
280 1
281 2
282 1
283 1
284 2
285 3
286 1
287 2
288 1
289 2
290 3
291 2
292 1
293 2
294 1
295 3
296 2
297 0
298 2
299 1
300 3
301 2
302 3
303 1
304 1
305 1
306 1
307 2
308 2
309 1
310 1
311 2
312 2
313 1
314 2
315 0
316 1
317 2
318 1
319 2
320 2
321 1
322 2
323 2
324 2
325 1
326 3
327 2
328 1
329 3
330 2
331 3
332 2
333 2
334 2
335 2
336 2
337 1
338 1
339 1
340 2
341 2
342 2
343 3
344 2
345 1
346 2
347 1
348 2
349 2
350 1
351 3
352 2
353 3
354 1
355 2
356 1
357 2
358 3
359 2
360 1
361 1
362 2
363 2
364 2
365 2
366 2
367 1
368 1
369 2
370 2
371 1
372 2
373 3
374 2
375 2
376 2
377 1
378 3
379 2
380 1
381 3
382 2
383 2
384 1
385 2
386 2
387 2
388 1
389 2
390 2
391 2
392 2
393 2
394 1
395 1
396 1
397 1
398 2
399 2
400 2
401 2
402 2
403 1
404 2
405 1
406 1
407 2
408 2
409 3
410 2
411 3
412 1
413 2
414 2
415 0
416 1
417 1
418 2
419 3
420 2
421 1
422 3
423 2
424 1
425 3
426 1
427 3
428 1
429 1
430 1
431 2
432 1
433 2
434 2
435 2
436 3
437 1
438 2
439 2
440 2
441 2
442 3
443 1
444 2
445 2
446 2
447 1
448 2
449 2
450 2
451 2
452 1
453 2
454 3
455 3
456 1
457 1
458 2
459 2
460 2
461 2
462 2
463 2
464 1
465 2
466 2
467 3
468 2
469 2
470 2
471 2
472 2
473 1
474 2
475 3
476 3
477 2
478 3
479 2
480 1
481 2
482 2
483 3
484 2
485 1
486 2
487 3
488 1
489 2
490 2
491 3
492 3
493 3
494 2
495 2
496 2
497 2
498 1
499 2
500 1
501 1
502 1
503 2
504 1
505 2
506 2
507 2
508 2
509 2
510 1
511 2
512 2
513 1
514 1
515 2
516 1
517 2
518 2
519 1
520 2
521 2
522 2
523 2
524 2
525 1
526 3
527 2
528 3
529 2
530 3
531 1
532 2
533 3
534 2
535 2
536 2
537 1
538 1
539 2
540 2
541 2
542 2
543 2
544 1
545 2
546 2
547 1
548 2
549 1
550 2
551 2
552 1
553 3
554 3
555 3
556 2
557 2
558 3
559 1
560 3
561 2
562 1
563 1
564 1
565 3
566 2
567 1
568 2
569 2
570 2
571 1
572 3
573 2
574 2
575 1
576 2
577 3
578 3
579 2
580 2
581 1
582 2
583 1
584 3
585 2
586 2
587 2
588 1
589 2
590 1
591 2
592 2
593 1
594 1
595 3
596 2
597 2
598 1
599 2
600 1
601 2
602 1
603 2
604 2
605 2
606 2
607 2
608 2
609 2
610 3
611 1
612 2
613 2
614 1
615 1
616 2
617 2
618 2
619 3
620 1
621 2
622 2
623 2
624 2
625 3
626 2
627 2
628 1
629 1
630 2
631 3
632 2
633 3
634 2
635 2
636 2
637 2
638 1
639 3
640 1
641 1
642 3
643 1
644 2
645 2
646 1
647 2
648 2
649 1
650 2
651 2
652 2
653 2
654 2
655 2
656 2
657 2
658 1
659 2
660 2
661 2
662 1
663 2
664 3
665 2
666 3
667 3
668 2
669 1
670 3
671 1
672 2
673 2
674 3
675 2
676 2
677 0
678 2
679 2
680 2
681 2
682 2
683 2
684 1
685 2
686 1
687 2
688 2
689 1
690 2
691 3
692 2
693 2
694 1
695 2
696 3
697 2
698 3
699 1
700 1
701 2
702 1
703 2
704 2
705 2
706 3
707 1
708 2
709 0
710 1
711 1
712 3
713 0
714 1
715 2
716 1
717 2
718 2
719 2
720 2
721 1
722 2
723 1
724 1
725 2
726 2
727 2
728 2
729 2
730 1
731 2
732 2
733 1
734 1
735 2
736 2
737 0
738 2
739 1
740 3
741 2
742 3
743 2
744 1
745 2
746 2
747 2
748 2
749 2
750 2
751 2
752 3
753 2
754 3
755 2
756 0
757 2
758 2
759 3
760 2
761 2
762 1
763 2
764 1
765 2
766 2
767 2
768 1
769 2
770 1
771 2
772 3
773 2
774 2
775 2
776 2
777 2
778 3
779 1
780 2
781 2
782 2
783 2
784 2
785 2
786 2
787 1
788 3
789 2
790 1
791 1
792 3
793 1
794 2
795 1
796 2
797 2
798 1
799 1
800 2
801 2
802 3
803 2
804 3
805 2
806 3
807 2
808 2
809 3
810 3
811 3
812 1
813 3
814 2
815 2
816 0
817 2
818 1
819 2
820 3
821 2
822 3
823 3
824 2
825 2
826 2
827 3
828 3
829 2
830 3
831 2
832 2
833 2
834 2
835 2
836 2
837 1
838 1
839 2
840 1
841 1
842 1
843 1
844 1
845 2
846 1
847 2
848 2
849 1
850 1
851 2
852 1
853 2
854 2
855 2
856 1
857 2
858 2
859 2
860 1
861 1
862 2
863 1
864 1
865 2
866 2
867 2
868 2
869 1
870 1
871 1
872 2
873 1
874 2
875 2
876 2
877 2
878 0
879 2
880 1
881 2
882 2
883 1
884 3
885 3
886 1
887 3
888 1
889 1
890 1
891 2
892 2
893 3
894 1
895 0
896 2
897 2
898 1
899 2
900 2
901 1
902 2
903 2
904 1
905 2
906 1
907 1
908 2
909 1
910 1
911 2
912 2
913 2
914 3
915 2
916 1
917 1
918 1
919 2
920 2
921 1
922 1
923 2
924 1
925 2
926 2
927 1
928 2
929 2
930 2
931 2
932 1
933 2
934 2
935 3
936 2
937 2
938 1
939 1
940 2
941 2
942 2
943 2
944 2
945 3
946 2
947 2
948 1
949 2
950 2
951 2
952 2
953 2
954 1
955 2
956 2
957 3
958 2
959 3
960 2
961 2
962 2
963 2
964 2
965 2
966 2
967 2
968 2
969 2
970 3
971 1
972 1
973 2
974 2
975 2
976 2
977 1
978 1
979 1
980 1
981 1
982 1
983 2
984 2
985 2
986 1
987 2
988 2
989 2
990 2
991 2
992 2
993 2
994 2
995 3
996 1
997 2
998 2
999 1
1000 2
