1 0
2 2
3 2
4 2
5 2
6 1
7 2
8 2
9 2
10 2
11 3
12 2
13 2
14 2
15 3
16 2
17 2
18 2
19 2
20 2
21 3
22 3
23 1
24 2
25 2
26 2
27 2
28 2
29 3
30 1
31 2
32 1
33 2
34 1
35 2
36 2
37 3
38 1
39 1
40 1
41 1
42 1
43 2
44 2
45 0
46 3
47 2
48 1
49 2
50 2
51 1
52 2
53 2
54 2
55 3
56 2
57 3
58 2
59 2
60 2
61 2
62 2
63 1
64 3
65 2
66 2
67 2
68 2
69 2
70 1
71 2
72 2
73 2
74 1
75 2
76 2
77 1
78 2
79 2
80 1
81 2
82 1
83 2
84 1
85 3
86 2
87 2
88 2
89 1
90 2
91 2
92 1
93 2
94 2
95 3
96 2
97 2
98 2
99 3
100 1
101 2
102 1
103 3
104 2
105 2
106 3
107 1
108 1
109 2
110 2
111 2
112 3
113 3
114 2
115 2
116 2
117 2
118 1
119 2
120 2
121 1
122 1
123 2
124 2
125 2
126 1
127 2
128 2
129 1
130 2
131 2
132 1
133 1
134 2
135 2
136 2
137 2
138 1
139 1
140 1
141 1
142 1
143 1
144 1
145 2
146 2
147 3
148 3
149 2
150 2
151 2
152 0
153 1
154 1
155 2
156 2
157 1
158 2
159 1
160 3
161 1
162 2
163 3
164 2
165 2
166 1
167 2
168 2
169 2
170 1
171 2
172 1
173 1
174 2
175 2
176 1
177 1
178 2
179 2
180 2
181 1
182 3
183 2
184 2
185 1
186 3
187 3
188 1
189 2
190 1
191 2
192 2
193 1
194 2
195 2
196 2
197 1
198 1
199 1
200 1
201 2
202 1
203 1
204 2
205 0
206 2
207 1
208 2
209 2
210 2
211 2
212 3
213 1
214 1
215 3
216 2
217 2
218 2
219 1
220 3
221 2
222 1
223 2
224 1
225 2
226 2
227 2
228 2
229 2
230 2
231 1
232 3
233 2
234 1
235 1
236 2
237 2
238 2
239 2
240 2
241 2
242 2
243 2
244 2
245 2
246 3
247 1
248 2
249 1
250 2
251 1
252 2
253 2
254 2
255 1
256 1
257 1
258 1
259 2
260 3
261 1
262 1
263 2
264 1
265 2
266 2
267 2
268 1
269 2
270 2
271 1
272 2
273 2
274 1
275 1
276 2
277 2
278 3
279 2
280 2
281 2
282 2
283 2
284 2
285 3
286 1
287 2
288 1
289 2
290 2
291 1
292 1
293 2
294 1
295 2
296 1
297 1
298 1
299 2
300 2
301 2
302 2
303 2
304 2
305 1
306 1
307 1
308 2
309 1
310 2
311 2
312 2
313 2
314 2
315 2
316 1
317 1
318 1
319 2
320 1
321 2
322 2
323 1
324 1
325 1
326 1
327 2
328 2
329 0
330 2
331 2
332 2
333 1
334 2
335 1
336 2
337 2
338 2
339 2
340 0
341 1
342 2
343 2
344 3
345 2
346 3
347 2
348 2
349 3
350 2
351 2
352 2
353 2
354 1
355 1
356 2
357 1
358 1
359 1
360 1
361 1
362 2
363 1
364 3
365 2
366 2
367 1
368 0
369 3
370 2
371 1
372 2
373 1
374 2
375 2
376 2
377 0
378 1
379 3
380 0
381 2
382 1
383 3
384 2
385 1
386 2
387 2
388 2
389 2
390 1
391 2
392 2
393 2
394 1
395 2
396 2
397 2
398 1
399 2
400 1
401 2
402 3
403 1
404 2
405 2
406 3
407 1
408 2
409 1
410 1
411 2
412 2
413 2
414 1
415 2
416 1
417 1
418 1
419 2
420 3
421 2
422 2
423 2
424 1
425 2
426 2
427 2
428 2
429 1
430 1
431 1
432 2
433 1
434 2
435 2
436 2
437 2
438 3
439 2
440 2
441 2
442 1
443 1
444 1
445 2
446 1
447 2
448 3
449 2
450 2
451 1
452 2
453 1
454 2
455 1
456 1
457 2
458 3
459 1
460 2
461 1
462 3
463 2
464 2
465 1
466 2
467 1
468 2
469 2
470 2
471 2
472 2
473 3
474 2
475 1
476 0
477 1
478 2
479 2
480 2
481 2
482 2
483 1
484 2
485 2
486 1
487 3
488 2
489 1
490 2
491 3
492 1
493 2
494 2
495 2
496 1
497 2
498 3
499 1
500 1
501 1
502 1
503 2
504 1
505 2
506 1
507 2
508 1
509 1
510 2
511 2
512 1
513 2
514 1
515 2
516 2
517 3
518 2
519 2
520 1
521 2
522 2
523 3
524 2
525 1
526 2
527 1
528 0
529 2
530 2
531 2
532 1
533 2
534 2
535 2
536 1
537 2
538 2
539 2
540 2
541 2
542 2
543 2
544 2
545 3
546 2
547 1
548 1
549 1
550 2
551 2
552 3
553 1
554 1
555 2
556 2
557 3
558 3
559 2
560 2
561 1
562 2
563 1
564 2
565 1
566 2
567 1
568 1
569 1
570 2
571 2
572 3
573 1
574 2
575 2
576 3
577 4
578 3
579 2
580 2
581 2
582 2
583 1
584 1
585 1
586 1
587 3
588 2
589 1
590 1
591 1
592 2
593 2
594 1
595 2
596 2
597 2
598 1
599 2
600 2
601 2
602 2
603 2
604 2
605 3
606 1
607 1
608 3
609 1
610 1
611 1
612 1
613 2
614 3
615 2
616 2
617 1
618 1
619 1
620 2
621 2
622 1
623 2
624 2
625 2
626 1
627 2
628 2
629 2
630 1
631 3
632 2
633 2
634 2
635 2
636 1
637 1
638 3
639 3
640 2
641 2
642 2
643 1
644 1
645 2
646 1
647 2
648 2
649 3
650 0
651 2
652 1
653 1
654 2
655 2
656 1
657 1
658 2
659 1
660 2
661 1
662 1
663 1
664 1
665 2
666 1
667 1
668 2
669 2
670 2
671 2
672 2
673 0
674 2
675 3
676 2
677 1
678 2
679 2
680 1
681 1
682 2
683 1
684 2
685 1
686 1
687 1
688 2
689 1
690 2
691 1
692 2
693 1
694 2
695 2
696 2
697 2
698 2
699 2
700 0
701 1
702 2
703 1
704 2
705 2
706 1
707 1
708 1
709 2
710 2
711 2
712 1
713 1
714 1
715 2
716 1
717 1
718 1
719 2
720 1
721 2
722 1
723 2
724 3
725 2
726 2
727 1
728 2
729 1
730 2
731 1
732 3
733 1
734 2
735 2
736 1
737 2
738 1
739 1
740 1
741 2
742 1
743 2
744 1
745 1
746 1
747 2
748 1
749 2
750 2
751 2
752 2
753 2
754 2
755 2
756 1
757 3
758 2
759 1
760 1
761 2
762 2
763 3
764 3
765 1
766 2
767 3
768 1
769 1
770 2
771 2
772 3
773 2
774 1
775 2
776 2
777 1
778 1
779 3
780 2
781 1
782 1
783 1
784 2
785 1
786 2
787 1
788 2
789 2
790 1
791 1
792 1
793 2
794 2
795 2
796 2
797 1
798 2
799 1
800 2
801 1
802 1
803 2
804 1
805 1
806 1
807 1
808 1
809 2
810 1
811 1
812 2
813 2
814 2
815 1
816 2
817 3
818 1
819 1
820 1
821 2
822 1
823 1
824 2
825 3
826 1
827 2
828 1
829 2
830 2
831 2
832 2
833 1
834 1
835 1
836 2
837 1
838 2
839 0
840 3
841 3
842 2
843 1
844 2
845 2
846 2
847 2
848 1
849 2
850 3
851 1
852 3
853 3
854 2
855 2
856 0
857 2
858 2
859 2
860 2
861 2
862 2
863 2
864 1
865 0
866 1
867 2
868 2
869 1
870 2
871 2
872 2
873 2
874 1
875 3
876 1
877 1
878 1
879 1
880 2
881 1
882 1
883 2
884 1
885 1
886 2
887 3
888 1
889 2
890 2
891 2
892 2
893 2
894 2
895 2
896 2
897 2
898 2
899 1
900 1
901 1
902 2
903 2
904 2
905 1
906 1
907 2
908 2
909 2
910 1
911 1
912 1
913 3
914 2
915 2
916 2
917 1
918 2
919 2
920 1
921 1
922 2
923 3
924 1
925 1
926 2
927 3
928 2
929 2
930 2
931 1
932 2
933 2
934 2
935 1
936 0
937 3
938 2
939 2
940 2
941 2
942 2
943 1
944 2
945 2
946 1
947 1
948 1
949 1
950 2
951 1
952 3
953 2
954 2
955 2
956 0
957 1
958 1
959 2
960 2
961 2
962 2
963 3
964 2
965 2
966 3
967 1
968 1
969 2
970 2
971 2
972 0
973 1
974 2
975 2
976 2
977 2
978 2
979 2
980 1
981 3
982 1
983 2
984 1
985 1
986 2
987 2
988 2
989 2
990 2
991 2
992 2
993 1
994 1
995 2
996 2
997 2
998 1
999 1
1000 2
