1 4
2 4
3 4
4 4
5 4
6 4
7 3
8 4
9 4
10 4
11 4
12 4
13 4
14 4
15 3
16 4
17 4
18 4
19 4
20 4
21 3
22 4
23 4
24 4
25 4
26 3
27 4
28 3
29 4
30 3
31 3
32 3
33 4
34 3
35 3
36 4
37 4
38 4
39 4
40 4
41 4
42 4
43 3
44 3
45 4
46 4
47 4
48 4
49 4
50 4
51 4
52 4
53 4
54 4
55 4
56 3
57 4
58 3
59 3
60 4
61 4
62 3
63 4
64 4
65 4
66 3
67 3
68 4
69 3
70 4
71 3
72 4
73 4
74 4
75 4
76 4
77 3
78 4
79 4
80 4
81 4
82 4
83 4
84 3
85 4
86 4
87 3
88 4
89 4
90 3
91 4
92 4
93 3
94 4
95 3
96 4
97 4
98 4
99 4
100 3
101 4
102 4
103 4
104 4
105 3
106 4
107 4
108 3
109 3
110 4
111 3
112 4
113 3
114 4
115 3
116 4
117 4
118 4
119 3
120 3
121 4
122 3
123 4
124 3
125 4
126 4
127 4
128 3
129 4
130 4
131 4
132 3
133 4
134 4
135 4
136 4
137 4
138 4
139 3
140 4
141 3
142 4
143 3
144 4
145 4
146 3
147 4
148 4
149 4
150 4
151 3
152 4
153 4
154 3
155 4
156 4
157 3
158 4
159 4
160 4
161 4
162 4
163 3
164 3
165 3
166 4
167 3
168 4
169 4
170 3
171 4
172 4
173 4
174 4
175 4
176 3
177 4
178 4
179 4
180 3
181 4
182 3
183 3
184 4
185 3
186 4
187 4
188 3
189 3
190 4
191 4
192 4
193 4
194 4
195 4
196 3
197 4
198 4
199 4
200 4
201 4
202 3
203 4
204 3
205 4
206 4
207 3
208 3
209 4
210 4
211 4
212 4
213 3
214 4
215 4
216 4
217 3
218 4
219 4
220 4
221 4
222 4
223 3
224 3
225 4
226 4
227 4
228 4
229 4
230 4
231 4
232 3
233 4
234 3
235 4
236 4
237 4
238 3
239 4
240 4
241 4
242 4
243 3
244 3
245 4
246 4
247 4
248 4
249 4
250 3
251 3
252 4
253 4
254 4
255 4
256 4
257 3
258 3
259 4
260 4
261 4
262 4
263 4
264 3
265 4
266 4
267 4
268 3
269 3
270 4
271 4
272 3
273 3
274 4
275 4
276 4
277 3
278 4
279 3
280 4
281 4
282 4
283 4
284 4
285 4
286 4
287 3
288 4
289 4
290 4
291 4
292 4
293 4
294 4
295 3
296 4
297 3
298 4
299 4
300 4
301 4
302 3
303 4
304 4
305 4
306 4
307 4
308 4
309 3
310 3
311 4
312 4
313 3
314 4
315 4
316 4
317 3
318 4
319 4
320 4
321 4
322 4
323 4
324 4
325 3
326 3
327 3
328 4
329 4
330 4
331 3
332 4
333 4
334 4
335 4
336 3
337 3
338 4
339 4
340 4
341 3
342 3
343 4
344 4
345 3
346 3
347 3
348 4
349 3
350 3
351 4
352 3
353 4
354 3
355 4
356 4
357 4
358 4
359 4
360 4
361 3
362 3
363 4
364 4
365 4
366 4
367 4
368 4
369 3
370 3
371 3
372 4
373 4
374 4
375 4
376 4
377 4
378 3
379 4
380 4
381 4
382 4
383 4
384 4
385 3
386 4
387 3
388 4
389 4
390 4
391 3
392 3
393 4
394 4
395 3
396 3
397 4
398 4
399 3
400 4
401 4
402 4
403 4
404 4
405 4
406 4
407 4
408 3
409 3
410 4
411 3
412 3
413 4
414 4
415 4
416 4
417 3
418 4
419 4
420 4
421 4
422 4
423 4
424 4
425 4
426 4
427 4
428 3
429 4
430 3
431 3
432 4
433 4
434 4
435 4
436 3
437 4
438 4
439 3
440 3
441 3
442 4
443 4
444 3
445 3
446 3
447 4
448 4
449 3
450 3
451 4
452 3
453 4
454 4
455 4
456 4
457 4
458 4
459 4
460 4
461 4
462 4
463 3
464 4
465 4
466 4
467 4
468 3
469 4
470 4
471 3
472 3
473 4
474 4
475 3
476 4
477 4
478 4
479 4
480 3
481 4
482 4
483 3
484 4
485 4
486 4
487 4
488 4
489 3
490 4
491 4
492 4
493 4
494 4
495 4
496 4
497 4
498 4
499 4
500 3
501 3
502 4
503 4
504 4
505 4
506 3
507 4
508 4
509 4
510 3
511 4
512 4
513 4
514 4
515 4
516 4
517 4
518 3
519 4
520 4
521 3
522 4
523 4
524 3
525 3
526 3
527 4
528 4
529 4
530 4
531 3
532 4
533 4
534 3
535 3
536 4
537 4
538 3
539 4
540 4
541 4
542 3
543 3
544 3
545 4
546 4
547 4
548 4
549 4
550 3
551 4
552 3
553 4
554 3
555 4
556 4
557 3
558 4
559 4
560 4
561 4
562 3
563 3
564 3
565 4
566 3
567 4
568 4
569 3
570 4
571 4
572 4
573 4
574 4
575 4
576 4
577 3
578 4
579 4
580 4
581 3
582 4
583 4
584 4
585 4
586 4
587 4
588 4
589 3
590 4
591 4
592 4
593 4
594 4
595 4
596 4
597 4
598 4
599 4
600 4
601 4
602 4
603 4
604 4
605 3
606 3
607 4
608 4
609 3
610 4
611 4
612 4
613 4
614 4
615 4
616 4
617 4
618 3
619 4
620 4
621 4
622 4
623 4
624 4
625 4
626 4
627 4
628 4
629 3
630 4
631 4
632 3
633 4
634 4
635 3
636 4
637 4
638 3
639 4
640 4
641 4
642 4
643 3
644 4
645 4
646 4
647 4
648 4
649 4
650 4
651 4
652 4
653 4
654 4
655 4
656 4
657 3
658 4
659 4
660 3
661 4
662 4
663 4
664 4
665 4
666 4
667 4
668 3
669 4
670 4
671 4
672 3
673 4
674 3
675 4
676 4
677 3
678 3
679 4
680 4
681 4
682 3
683 3
684 4
685 4
686 4
687 4
688 4
689 3
690 3
691 3
692 4
693 4
694 4
695 3
696 4
697 4
698 3
699 3
700 4
701 4
702 4
703 3
704 3
705 4
706 4
707 4
708 3
709 4
710 4
711 4
712 4
713 4
714 3
715 4
716 4
717 4
718 4
719 3
720 4
721 4
722 4
723 4
724 4
725 4
726 3
727 4
728 4
729 4
730 4
731 4
732 4
733 4
734 4
735 4
736 3
737 3
738 4
739 3
740 4
741 4
742 3
743 4
744 3
745 3
746 4
747 4
748 4
749 4
750 3
751 4
752 3
753 3
754 3
755 3
756 4
757 4
758 3
759 4
760 4
761 4
762 4
763 4
764 3
765 3
766 4
767 3
768 4
769 4
770 4
771 4
772 4
773 4
774 3
775 4
776 4
777 3
778 3
779 3
780 3
781 3
782 4
783 3
784 4
785 3
786 4
787 4
788 4
789 3
790 4
791 3
792 3
793 3
794 4
795 4
796 4
797 4
798 4
799 4
800 4
801 4
802 3
803 4
804 4
805 4
806 4
807 3
808 3
809 4
810 3
811 4
812 4
813 4
814 3
815 3
816 4
817 4
818 3
819 4
820 4
821 3
822 4
823 4
824 4
825 3
826 4
827 4
828 4
829 3
830 2
831 3
832 4
833 3
834 4
835 4
836 4
837 4
838 4
839 3
840 4
841 4
842 4
843 4
844 3
845 4
846 4
847 4
848 3
849 3
850 3
851 4
852 4
853 4
854 4
855 4
856 4
857 4
858 3
859 4
860 4
861 4
862 4
863 4
864 4
865 4
866 3
867 3
868 4
869 4
870 4
871 4
872 4
873 4
874 4
875 4
876 4
877 4
878 3
879 3
880 3
881 4
882 3
883 4
884 3
885 4
886 3
887 4
888 4
889 4
890 3
891 3
892 4
893 4
894 4
895 4
896 3
897 4
898 4
899 4
900 4
901 4
902 4
903 4
904 4
905 4
906 3
907 3
908 4
909 3
910 4
911 4
912 4
913 3
914 4
915 4
916 4
917 4
918 4
919 4
920 4
921 4
922 4
923 4
924 4
925 3
926 3
927 4
928 4
929 3
930 4
931 4
932 3
933 4
934 3
935 4
936 3
937 4
938 4
939 3
940 4
941 4
942 4
943 3
944 3
945 4
946 3
947 4
948 4
949 4
950 3
951 4
952 4
953 4
954 3
955 4
956 4
957 4
958 4
959 3
960 4
961 3
962 3
963 4
964 4
965 4
966 4
967 4
968 4
969 3
970 3
971 4
972 4
973 3
974 3
975 4
976 4
977 3
978 3
979 3
980 4
981 3
982 4
983 4
984 3
985 4
986 4
987 3
988 4
989 4
990 4
991 4
992 3
993 4
994 4
995 3
996 3
997 4
998 4
999 3
1000 4
