1 3
2 3
3 3
4 4
5 3
6 4
7 4
8 3
9 4
10 4
11 3
12 4
13 3
14 3
15 3
16 4
17 4
18 4
19 3
20 3
21 4
22 4
23 4
24 4
25 3
26 3
27 3
28 4
29 3
30 4
31 4
32 4
33 4
34 4
35 4
36 4
37 3
38 4
39 3
40 4
41 4
42 3
43 4
44 4
45 3
46 4
47 4
48 4
49 3
50 4
51 4
52 3
53 3
54 3
55 4
56 4
57 4
58 4
59 3
60 4
61 4
62 3
63 4
64 4
65 4
66 3
67 4
68 3
69 4
70 4
71 4
72 4
73 4
74 3
75 4
76 4
77 3
78 4
79 4
80 4
81 3
82 4
83 4
84 4
85 4
86 3
87 4
88 3
89 3
90 4
91 3
92 3
93 3
94 3
95 4
96 3
97 3
98 3
99 3
100 4
101 3
102 4
103 4
104 4
105 3
106 4
107 4
108 3
109 3
110 4
111 3
112 3
113 4
114 4
115 3
116 4
117 4
118 3
119 4
120 4
121 3
122 4
123 3
124 3
125 3
126 4
127 4
128 4
129 4
130 4
131 4
132 4
133 4
134 4
135 4
136 4
137 4
138 4
139 4
140 3
141 3
142 4
143 4
144 4
145 4
146 3
147 4
148 4
149 3
150 3
151 4
152 3
153 4
154 4
155 3
156 4
157 3
158 3
159 4
160 4
161 4
162 4
163 4
164 4
165 3
166 4
167 3
168 4
169 3
170 3
171 3
172 3
173 4
174 3
175 3
176 3
177 4
178 4
179 4
180 4
181 4
182 3
183 4
184 3
185 4
186 4
187 4
188 4
189 3
190 4
191 4
192 4
193 4
194 4
195 3
196 4
197 4
198 4
199 4
200 4
201 4
202 4
203 3
204 4
205 3
206 3
207 3
208 4
209 4
210 4
211 2
212 3
213 3
214 3
215 4
216 4
217 4
218 4
219 4
220 4
221 4
222 3
223 3
224 4
225 4
226 4
227 4
228 3
229 3
230 4
231 4
232 3
233 4
234 4
235 4
236 3
237 4
238 3
239 4
240 3
241 4
242 4
243 3
244 4
245 4
246 4
247 4
248 3
249 4
250 4
251 3
252 4
253 3
254 4
255 3
256 4
257 3
258 4
259 4
260 4
261 4
262 4
263 4
264 4
265 4
266 3
267 4
268 4
269 4
270 3
271 3
272 4
273 4
274 3
275 4
276 3
277 4
278 4
279 4
280 4
281 4
282 3
283 4
284 3
285 4
286 4
287 4
288 4
289 3
290 4
291 3
292 3
293 3
294 4
295 3
296 3
297 3
298 3
299 4
300 3
301 4
302 3
303 3
304 4
305 3
306 4
307 3
308 4
309 4
310 3
311 3
312 4
313 4
314 4
315 3
316 4
317 3
318 4
319 3
320 4
321 4
322 4
323 3
324 4
325 3
326 3
327 4
328 3
329 3
330 4
331 3
332 3
333 3
334 3
335 4
336 4
337 4
338 4
339 4
340 3
341 4
342 3
343 3
344 4
345 3
346 3
347 3
348 4
349 3
350 4
351 4
352 4
353 3
354 4
355 4
356 4
357 4
358 3
359 3
360 4
361 4
362 4
363 3
364 3
365 4
366 4
367 4
368 3
369 4
370 3
371 4
372 4
373 4
374 3
375 4
376 3
377 4
378 3
379 4
380 4
381 4
382 4
383 3
384 4
385 3
386 4
387 3
388 3
389 4
390 4
391 4
392 3
393 3
394 3
395 4
396 4
397 3
398 4
399 4
400 4
401 4
402 4
403 3
404 4
405 4
406 3
407 4
408 3
409 4
410 3
411 3
412 4
413 4
414 3
415 4
416 4
417 3
418 4
419 3
420 3
421 3
422 3
423 3
424 3
425 3
426 4
427 3
428 4
429 4
430 3
431 3
432 4
433 3
434 3
435 4
436 4
437 3
438 3
439 4
440 3
441 4
442 3
443 4
444 4
445 4
446 4
447 3
448 4
449 4
450 3
451 4
452 4
453 4
454 3
455 3
456 4
457 3
458 4
459 4
460 4
461 4
462 4
463 4
464 4
465 3
466 3
467 3
468 4
469 4
470 4
471 3
472 4
473 4
474 4
475 4
476 4
477 3
478 3
479 3
480 3
481 3
482 4
483 4
484 4
485 4
486 3
487 4
488 4
489 4
490 3
491 3
492 3
493 4
494 4
495 3
496 3
497 3
498 3
499 4
500 3
501 4
502 4
503 3
504 4
505 4
506 4
507 4
508 3
509 4
510 4
511 4
512 4
513 3
514 4
515 3
516 4
517 4
518 4
519 3
520 3
521 3
522 4
523 3
524 3
525 3
526 4
527 4
528 3
529 4
530 4
531 4
532 3
533 4
534 3
535 4
536 4
537 3
538 3
539 3
540 4
541 4
542 4
543 4
544 4
545 3
546 3
547 4
548 3
549 3
550 4
551 3
552 4
553 4
554 4
555 4
556 4
557 3
558 3
559 4
560 3
561 4
562 4
563 3
564 3
565 3
566 4
567 4
568 3
569 4
570 4
571 3
572 3
573 3
574 4
575 3
576 3
577 4
578 4
579 4
580 4
581 3
582 3
583 3
584 4
585 3
586 4
587 3
588 3
589 4
590 3
591 3
592 4
593 3
594 4
595 4
596 4
597 3
598 4
599 3
600 4
601 4
602 4
603 4
604 3
605 4
606 4
607 4
608 4
609 4
610 3
611 3
612 3
613 4
614 3
615 3
616 3
617 4
618 4
619 4
620 4
621 2
622 3
623 3
624 3
625 3
626 4
627 3
628 4
629 3
630 3
631 4
632 3
633 3
634 4
635 3
636 3
637 3
638 2
639 3
640 4
641 4
642 3
643 3
644 4
645 4
646 4
647 4
648 4
649 3
650 4
651 4
652 3
653 4
654 4
655 4
656 4
657 3
658 3
659 4
660 3
661 4
662 4
663 4
664 4
665 4
666 4
667 4
668 3
669 4
670 4
671 2
672 3
673 3
674 4
675 3
676 4
677 4
678 3
679 3
680 4
681 3
682 4
683 4
684 3
685 3
686 3
687 4
688 4
689 4
690 2
691 4
692 4
693 3
694 4
695 3
696 3
697 4
698 3
699 4
700 3
701 4
702 3
703 4
704 4
705 3
706 4
707 3
708 4
709 4
710 4
711 4
712 3
713 3
714 4
715 4
716 4
717 4
718 3
719 4
720 4
721 4
722 4
723 3
724 4
725 4
726 4
727 4
728 3
729 4
730 4
731 4
732 4
733 3
734 3
735 4
736 3
737 4
738 4
739 4
740 4
741 3
742 4
743 3
744 4
745 3
746 3
747 4
748 3
749 4
750 3
751 3
752 3
753 4
754 4
755 4
756 3
757 3
758 4
759 4
760 4
761 3
762 4
763 3
764 4
765 4
766 4
767 4
768 4
769 4
770 3
771 4
772 3
773 4
774 4
775 3
776 3
777 4
778 4
779 4
780 3
781 3
782 4
783 3
784 4
785 3
786 4
787 3
788 3
789 3
790 4
791 4
792 4
793 3
794 3
795 4
796 3
797 4
798 3
799 4
800 3
801 4
802 3
803 4
804 3
805 4
806 4
807 4
808 4
809 4
810 3
811 4
812 4
813 4
814 4
815 4
816 3
817 3
818 3
819 4
820 4
821 3
822 3
823 4
824 3
825 3
826 4
827 4
828 3
829 4
830 4
831 4
832 3
833 4
834 4
835 3
836 4
837 4
838 3
839 4
840 4
841 3
842 3
843 3
844 3
845 3
846 3
847 3
848 4
849 3
850 3
851 4
852 3
853 4
854 4
855 4
856 3
857 4
858 4
859 3
860 4
861 4
862 4
863 3
864 4
865 4
866 3
867 4
868 3
869 4
870 4
871 4
872 4
873 3
874 4
875 4
876 4
877 3
878 3
879 3
880 4
881 4
882 4
883 4
884 4
885 3
886 4
887 4
888 3
889 4
890 4
891 4
892 4
893 4
894 3
895 4
896 3
897 4
898 4
899 4
900 3
901 4
902 3
903 3
904 4
905 4
906 4
907 4
908 3
909 2
910 3
911 3
912 3
913 4
914 3
915 3
916 4
917 4
918 4
919 4
920 4
921 3
922 4
923 3
924 3
925 4
926 3
927 3
928 3
929 4
930 4
931 3
932 4
933 4
934 3
935 4
936 3
937 4
938 3
939 4
940 4
941 3
942 4
943 4
944 3
945 4
946 4
947 3
948 3
949 3
950 4
951 4
952 4
953 4
954 3
955 3
956 3
957 4
958 3
959 3
960 4
961 4
962 4
963 3
964 3
965 4
966 3
967 3
968 4
969 4
970 3
971 4
972 3
973 4
974 4
975 4
976 3
977 3
978 3
979 3
980 3
981 4
982 4
983 4
984 4
985 3
986 3
987 4
988 3
989 4
990 3
991 3
992 3
993 3
994 4
995 3
996 4
997 3
998 4
999 4
1000 4
