1 3
2 3
3 3
4 3
5 3
6 3
7 3
8 3
9 3
10 3
11 3
12 3
13 3
14 4
15 3
16 3
17 3
18 3
19 3
20 3
21 3
22 3
23 3
24 3
25 2
26 3
27 3
28 3
29 3
30 3
31 3
32 3
33 3
34 4
35 2
36 3
37 3
38 3
39 3
40 3
41 3
42 3
43 3
44 4
45 3
46 4
47 3
48 3
49 4
50 4
51 3
52 4
53 3
54 3
55 4
56 4
57 3
58 3
59 4
60 2
61 4
62 2
63 3
64 3
65 3
66 3
67 3
68 2
69 4
70 3
71 3
72 3
73 3
74 3
75 2
76 3
77 3
78 3
79 3
80 3
81 3
82 4
83 3
84 3
85 2
86 4
87 3
88 3
89 3
90 3
91 3
92 3
93 3
94 2
95 2
96 3
97 3
98 3
99 3
100 3
101 3
102 3
103 4
104 3
105 3
106 3
107 3
108 4
109 3
110 3
111 4
112 4
113 3
114 3
115 3
116 3
117 4
118 4
119 3
120 3
121 3
122 2
123 4
124 4
125 3
126 3
127 3
128 3
129 4
130 3
131 2
132 2
133 2
134 3
135 2
136 3
137 4
138 3
139 3
140 3
141 3
142 4
143 3
144 3
145 3
146 3
147 3
148 3
149 3
150 3
151 4
152 3
153 2
154 3
155 2
156 3
157 4
158 3
159 4
160 3
161 2
162 3
163 4
164 3
165 3
166 3
167 4
168 3
169 2
170 3
171 3
172 3
173 3
174 3
175 3
176 3
177 3
178 2
179 3
180 1
181 2
182 3
183 3
184 4
185 3
186 2
187 3
188 2
189 3
190 3
191 4
192 3
193 3
194 3
195 4
196 2
197 4
198 3
199 3
200 4
201 3
202 3
203 3
204 3
205 3
206 2
207 3
208 3
209 3
210 2
211 4
212 3
213 3
214 4
215 3
216 3
217 3
218 3
219 4
220 2
221 3
222 3
223 4
224 4
225 3
226 4
227 2
228 3
229 3
230 2
231 3
232 3
233 3
234 4
235 4
236 4
237 3
238 3
239 4
240 3
241 3
242 3
243 4
244 3
245 3
246 3
247 2
248 2
249 3
250 4
251 3
252 3
253 3
254 4
255 3
256 3
257 3
258 3
259 3
260 3
261 2
262 3
263 3
264 3
265 3
266 2
267 2
268 3
269 3
270 4
271 3
272 3
273 2
274 3
275 3
276 3
277 3
278 3
279 4
280 3
281 3
282 3
283 4
284 2
285 3
286 4
287 4
288 4
289 2
290 4
291 3
292 3
293 2
294 3
295 3
296 3
297 3
298 4
299 3
300 4
301 3
302 3
303 3
304 3
305 3
306 3
307 3
308 3
309 3
310 4
311 4
312 3
313 4
314 3
315 3
316 2
317 3
318 3
319 3
320 3
321 3
322 4
323 2
324 3
325 3
326 4
327 4
328 4
329 4
330 3
331 3
332 4
333 3
334 2
335 3
336 3
337 3
338 4
339 4
340 4
341 4
342 4
343 3
344 3
345 4
346 2
347 3
348 4
349 4
350 3
351 4
352 3
353 4
354 3
355 3
356 2
357 2
358 3
359 3
360 2
361 3
362 3
363 3
364 3
365 3
366 3
367 4
368 4
369 3
370 3
371 4
372 3
373 3
374 2
375 2
376 3
377 3
378 3
379 3
380 3
381 2
382 3
383 3
384 2
385 3
386 4
387 3
388 2
389 3
390 4
391 3
392 3
393 4
394 3
395 3
396 2
397 3
398 3
399 4
400 2
401 3
402 3
403 3
404 3
405 3
406 2
407 4
408 3
409 3
410 4
411 4
412 3
413 3
414 2
415 2
416 3
417 4
418 3
419 4
420 4
421 4
422 3
423 3
424 2
425 3
426 3
427 3
428 4
429 2
430 3
431 3
432 3
433 3
434 3
435 2
436 3
437 3
438 4
439 3
440 3
441 2
442 4
443 2
444 3
445 3
446 3
447 3
448 3
449 3
450 3
451 3
452 4
453 3
454 4
455 3
456 3
457 2
458 3
459 4
460 3
461 2
462 3
463 3
464 3
465 4
466 3
467 4
468 3
469 3
470 3
471 3
472 3
473 4
474 3
475 3
476 3
477 4
478 4
479 3
480 3
481 3
482 4
483 3
484 3
485 3
486 3
487 4
488 3
489 3
490 3
491 4
492 3
493 3
494 3
495 4
496 3
497 2
498 3
499 3
500 3
501 3
502 3
503 3
504 4
505 2
506 3
507 3
508 3
509 3
510 4
511 4
512 4
513 3
514 3
515 4
516 3
517 3
518 4
519 3
520 3
521 3
522 4
523 3
524 2
525 3
526 4
527 4
528 3
529 3
530 3
531 3
532 3
533 4
534 3
535 3
536 3
537 3
538 3
539 3
540 2
541 3
542 3
543 3
544 3
545 3
546 3
547 3
548 3
549 3
550 4
551 4
552 3
553 4
554 4
555 2
556 3
557 4
558 4
559 3
560 4
561 3
562 3
563 3
564 3
565 3
566 3
567 3
568 2
569 3
570 3
571 3
572 4
573 4
574 2
575 3
576 3
577 3
578 4
579 3
580 2
581 3
582 3
583 3
584 3
585 3
586 3
587 3
588 3
589 3
590 3
591 3
592 4
593 3
594 3
595 4
596 3
597 3
598 3
599 3
600 3
601 3
602 3
603 3
604 3
605 3
606 4
607 2
608 3
609 3
610 3
611 3
612 4
613 4
614 4
615 4
616 3
617 3
618 3
619 3
620 3
621 3
622 3
623 3
624 2
625 4
626 4
627 3
628 3
629 4
630 4
631 2
632 3
633 3
634 4
635 3
636 2
637 4
638 3
639 4
640 4
641 4
642 3
643 3
644 2
645 3
646 4
647 3
648 3
649 3
650 3
651 3
652 3
653 3
654 3
655 3
656 3
657 3
658 3
659 3
660 3
661 4
662 4
663 3
664 4
665 2
666 4
667 4
668 2
669 4
670 2
671 4
672 3
673 2
674 3
675 4
676 3
677 3
678 4
679 2
680 3
681 3
682 3
683 2
684 3
685 3
686 3
687 3
688 4
689 2
690 3
691 4
692 3
693 3
694 3
695 4
696 2
697 3
698 4
699 3
700 3
701 4
702 3
703 4
704 3
705 3
706 4
707 3
708 3
709 3
710 3
711 3
712 3
713 3
714 4
715 2
716 2
717 2
718 3
719 3
720 2
721 2
722 3
723 3
724 3
725 3
726 3
727 4
728 3
729 3
730 3
731 3
732 3
733 4
734 3
735 3
736 4
737 1
738 3
739 4
740 3
741 3
742 3
743 3
744 3
745 3
746 3
747 3
748 4
749 3
750 3
751 3
752 3
753 4
754 3
755 3
756 2
757 3
758 3
759 4
760 3
761 3
762 3
763 4
764 3
765 3
766 3
767 2
768 3
769 3
770 2
771 4
772 3
773 4
774 3
775 4
776 3
777 3
778 4
779 4
780 3
781 3
782 3
783 4
784 4
785 4
786 3
787 3
788 4
789 3
790 2
791 3
792 3
793 2
794 2
795 3
796 4
797 3
798 4
799 4
800 4
801 3
802 4
803 4
804 3
805 3
806 3
807 4
808 3
809 4
810 4
811 4
812 3
813 3
814 3
815 4
816 3
817 3
818 4
819 3
820 3
821 3
822 3
823 4
824 2
825 3
826 3
827 3
828 4
829 4
830 3
831 3
832 2
833 3
834 3
835 3
836 2
837 3
838 2
839 3
840 3
841 3
842 3
843 3
844 3
845 3
846 4
847 4
848 4
849 4
850 2
851 2
852 3
853 4
854 3
855 4
856 3
857 4
858 3
859 3
860 3
861 3
862 3
863 4
864 3
865 3
866 4
867 3
868 3
869 2
870 3
871 2
872 2
873 4
874 4
875 3
876 3
877 4
878 3
879 4
880 2
881 3
882 3
883 4
884 3
885 4
886 4
887 3
888 4
889 3
890 3
891 3
892 4
893 3
894 3
895 3
896 3
897 3
898 4
899 4
900 3
901 3
902 4
903 3
904 3
905 3
906 1
907 3
908 4
909 3
910 3
911 3
912 4
913 3
914 3
915 3
916 3
917 2
918 3
919 3
920 4
921 3
922 4
923 3
924 3
925 2
926 2
927 3
928 3
929 3
930 4
931 3
932 3
933 4
934 3
935 4
936 3
937 3
938 3
939 3
940 3
941 4
942 3
943 4
944 3
945 2
946 3
947 3
948 3
949 2
950 3
951 3
952 4
953 3
954 3
955 2
956 2
957 3
958 3
959 3
960 4
961 3
962 3
963 3
964 2
965 3
966 3
967 3
968 3
969 3
970 4
971 2
972 3
973 3
974 4
975 3
976 3
977 3
978 3
979 3
980 3
981 3
982 3
983 4
984 4
985 2
986 3
987 3
988 3
989 4
990 4
991 3
992 4
993 3
994 4
995 4
996 2
997 3
998 3
999 3
1000 3
