1 0
2 2
3 2
4 2
5 3
6 2
7 2
8 2
9 3
10 1
11 2
12 2
13 0
14 2
15 1
16 1
17 2
18 2
19 3
20 3
21 3
22 2
23 2
24 3
25 3
26 2
27 2
28 1
29 1
30 3
31 1
32 3
33 1
34 2
35 2
36 2
37 2
38 1
39 1
40 2
41 2
42 2
43 1
44 2
45 2
46 2
47 1
48 1
49 2
50 1
51 2
52 3
53 2
54 1
55 1
56 2
57 2
58 2
59 2
60 2
61 3
62 1
63 1
64 2
65 2
66 1
67 1
68 1
69 2
70 2
71 2
72 2
73 1
74 2
75 3
76 2
77 3
78 2
79 2
80 0
81 1
82 3
83 1
84 2
85 2
86 2
87 2
88 2
89 2
90 2
91 2
92 2
93 2
94 2
95 2
96 1
97 3
98 2
99 2
100 2
101 2
102 1
103 1
104 1
105 2
106 2
107 3
108 1
109 1
110 2
111 2
112 2
113 2
114 1
115 2
116 1
117 2
118 1
119 1
120 2
121 3
122 2
123 2
124 1
125 2
126 3
127 2
128 1
129 1
130 2
131 1
132 2
133 2
134 2
135 1
136 2
137 2
138 1
139 2
140 2
141 2
142 2
143 2
144 3
145 2
146 1
147 2
148 1
149 3
150 2
151 1
152 2
153 1
154 2
155 2
156 2
157 3
158 3
159 2
160 2
161 2
162 2
163 1
164 2
165 2
166 1
167 3
168 3
169 2
170 2
171 2
172 2
173 2
174 2
175 1
176 1
177 2
178 2
179 2
180 3
181 3
182 2
183 2
184 2
185 1
186 1
187 2
188 1
189 2
190 2
191 1
192 2
193 1
194 1
195 1
196 2
197 2
198 3
199 2
200 2
201 2
202 2
203 3
204 1
205 2
206 2
207 1
208 1
209 2
210 1
211 1
212 1
213 1
214 2
215 1
216 2
217 1
218 2
219 2
220 3
221 2
222 2
223 2
224 3
225 1
226 2
227 1
228 2
229 1
230 2
231 1
232 2
233 3
234 1
235 3
236 1
237 2
238 2
239 2
240 2
241 2
242 1
243 1
244 0
245 2
246 1
247 2
248 2
249 2
250 2
251 1
252 1
253 2
254 2
255 2
256 2
257 1
258 1
259 1
260 2
261 2
262 2
263 3
264 2
265 2
266 3
267 0
268 2
269 2
270 2
271 1
272 1
273 3
274 2
275 2
276 2
277 1
278 1
279 2
280 2
281 2
282 2
283 3
284 2
285 2
286 2
287 2
288 2
289 2
290 1
291 0
292 1
293 1
294 2
295 1
296 1
297 2
298 2
299 2
300 1
301 1
302 2
303 2
304 2
305 2
306 1
307 1
308 1
309 2
310 1
311 2
312 2
313 3
314 2
315 2
316 2
317 3
318 2
319 3
320 2
321 1
322 2
323 1
324 3
325 2
326 2
327 1
328 1
329 3
330 2
331 3
332 1
333 2
334 1
335 1
336 2
337 1
338 1
339 2
340 3
341 1
342 1
343 2
344 2
345 2
346 2
347 2
348 2
349 2
350 2
351 2
352 2
353 3
354 1
355 2
356 2
357 2
358 2
359 3
360 2
361 1
362 2
363 3
364 2
365 2
366 2
367 1
368 2
369 3
370 2
371 1
372 2
373 3
374 1
375 2
376 2
377 1
378 2
379 2
380 2
381 1
382 2
383 2
384 2
385 2
386 3
387 1
388 2
389 3
390 2
391 1
392 2
393 2
394 4
395 2
396 2
397 2
398 3
399 2
400 1
401 2
402 2
403 2
404 2
405 0
406 2
407 2
408 2
409 2
410 3
411 2
412 2
413 3
414 2
415 1
416 1
417 2
418 1
419 2
420 2
421 2
422 2
423 2
424 2
425 2
426 1
427 2
428 3
429 2
430 2
431 3
432 3
433 2
434 2
435 2
436 3
437 3
438 1
439 2
440 1
441 1
442 3
443 2
444 2
445 3
446 2
447 2
448 2
449 2
450 1
451 1
452 1
453 2
454 2
455 3
456 2
457 1
458 2
459 2
460 2
461 2
462 2
463 2
464 1
465 1
466 2
467 2
468 2
469 1
470 3
471 2
472 2
473 2
474 2
475 1
476 1
477 2
478 1
479 2
480 1
481 2
482 2
483 0
484 1
485 3
486 2
487 3
488 2
489 2
490 3
491 1
492 2
493 1
494 2
495 1
496 2
497 3
498 2
499 2
500 2
501 2
502 1
503 2
504 2
505 2
506 2
507 2
508 3
509 1
510 1
511 3
512 3
513 2
514 1
515 2
516 1
517 2
518 1
519 2
520 1
521 2
522 2
523 2
524 0
525 2
526 1
527 3
528 1
529 3
530 1
531 1
532 0
533 2
534 2
535 2
536 2
537 3
538 2
539 2
540 2
541 2
542 1
543 2
544 2
545 1
546 0
547 2
548 1
549 1
550 2
551 2
552 2
553 1
554 1
555 1
556 2
557 1
558 2
559 3
560 2
561 2
562 1
563 0
564 1
565 3
566 1
567 2
568 2
569 1
570 2
571 3
572 2
573 3
574 2
575 2
576 2
577 2
578 2
579 3
580 2
581 1
582 3
583 2
584 1
585 3
586 1
587 2
588 2
589 2
590 3
591 2
592 1
593 3
594 1
595 1
596 3
597 1
598 1
599 2
600 2
601 1
602 2
603 1
604 1
605 0
606 2
607 1
608 2
609 2
610 0
611 1
612 2
613 2
614 3
615 2
616 1
617 1
618 1
619 2
620 2
621 2
622 1
623 1
624 1
625 2
626 2
627 1
628 1
629 1
630 1
631 2
632 2
633 2
634 2
635 3
636 1
637 1
638 2
639 2
640 2
641 1
642 2
643 2
644 1
645 2
646 1
647 1
648 2
649 2
650 2
651 2
652 3
653 1
654 2
655 3
656 2
657 1
658 3
659 0
660 1
661 2
662 3
663 3
664 1
665 2
666 3
667 2
668 1
669 2
670 1
671 2
672 1
673 1
674 2
675 2
676 3
677 2
678 2
679 1
680 2
681 2
682 1
683 2
684 2
685 1
686 3
687 2
688 2
689 1
690 2
691 1
692 2
693 2
694 1
695 2
696 2
697 1
698 2
699 2
700 1
701 1
702 2
703 2
704 2
705 3
706 2
707 2
708 3
709 2
710 1
711 1
712 2
713 2
714 2
715 2
716 2
717 3
718 2
719 2
720 2
721 3
722 2
723 2
724 2
725 3
726 3
727 2
728 2
729 2
730 2
731 2
732 2
733 2
734 2
735 1
736 2
737 1
738 2
739 2
740 2
741 2
742 2
743 3
744 1
745 1
746 2
747 1
748 2
749 2
750 2
751 2
752 1
753 3
754 3
755 3
756 3
757 2
758 1
759 1
760 1
761 2
762 2
763 3
764 1
765 2
766 2
767 3
768 2
769 3
770 2
771 1
772 1
773 2
774 1
775 2
776 2
777 2
778 2
779 1
780 2
781 2
782 2
783 1
784 2
785 1
786 2
787 3
788 1
789 2
790 2
791 3
792 1
793 1
794 1
795 1
796 1
797 2
798 1
799 3
800 1
801 1
802 2
803 2
804 2
805 2
806 2
807 1
808 1
809 2
810 2
811 3
812 2
813 2
814 1
815 2
816 1
817 1
818 3
819 1
820 2
821 1
822 3
823 3
824 1
825 2
826 3
827 2
828 2
829 1
830 1
831 1
832 2
833 1
834 1
835 1
836 1
837 2
838 2
839 1
840 2
841 3
842 2
843 1
844 2
845 2
846 2
847 2
848 3
849 2
850 2
851 1
852 3
853 2
854 2
855 3
856 2
857 2
858 1
859 3
860 1
861 2
862 2
863 1
864 2
865 2
866 2
867 2
868 2
869 1
870 2
871 2
872 2
873 3
874 2
875 2
876 2
877 1
878 1
879 1
880 1
881 1
882 3
883 1
884 2
885 2
886 1
887 2
888 2
889 2
890 2
891 3
892 2
893 2
894 2
895 2
896 1
897 2
898 2
899 1
900 2
901 3
902 1
903 1
904 2
905 1
906 2
907 1
908 2
909 1
910 1
911 2
912 3
913 2
914 2
915 2
916 2
917 1
918 2
919 3
920 2
921 1
922 0
923 3
924 2
925 2
926 1
927 2
928 2
929 3
930 2
931 2
932 2
933 4
934 2
935 1
936 3
937 2
938 2
939 3
940 2
941 1
942 1
943 2
944 2
945 1
946 1
947 1
948 3
949 1
950 2
951 2
952 3
953 1
954 3
955 2
956 2
957 2
958 1
959 2
960 2
961 2
962 1
963 2
964 3
965 1
966 1
967 2
968 1
969 2
970 2
971 3
972 0
973 3
974 2
975 3
976 2
977 2
978 1
979 1
980 3
981 2
982 2
983 1
984 2
985 1
986 2
987 2
988 3
989 1
990 1
991 3
992 2
993 2
994 3
995 2
996 2
997 2
998 2
999 2
1000 2
