1 9 5 5 4 4 4 6 6 3
2 9 5 5 4 4 4 6 6 3
3 9 5 5 4 4 4 6 6 3
4 9 7 5 4 4 4 7 6 3
5 9 5 5 4 4 5 6 6 3
6 9 0 6 4 4 5 7 7 3
7 9 5 5 4 4 4 6 5 3
8 9 5 5 4 4 5 7 6 3
9 9 5 5 4 4 4 7 6 3
10 9 5 5 4 4 4 5 5 3
11 9 5 5 4 4 4 6 6 3
12 9 6 5 4 4 4 7 6 3
13 9 0 5 4 4 5 8 8 3
14 9 5 5 4 4 5 6 5 3
15 9 5 5 4 4 4 7 6 3
16 9 0 6 4 4 4 7 6 3
17 9 5 5 4 4 5 8 7 3
18 9 7 5 4 4 5 7 7 3
19 9 6 5 4 4 4 6 6 3
20 9 0 5 4 4 4 7 6 3
21 9 5 8 4 4 4 7 6 3
22 9 5 9 4 4 4 5 5 3
23 9 5 5 4 4 5 6 5 3
24 9 5 5 4 4 5 6 5 3
25 9 9 5 4 4 5 7 6 3
26 9 0 5 4 4 4 6 6 3
27 9 6 5 4 4 4 6 6 3
28 9 9 5 4 4 4 7 6 3
29 9 5 5 4 4 5 8 7 3
30 9 5 5 4 4 4 5 5 3
31 9 5 5 4 4 5 5 5 3
32 9 6 5 4 4 4 7 6 3
33 9 9 5 4 4 4 6 6 3
34 9 4 5 4 4 4 7 6 3
35 9 6 5 4 4 4 7 6 3
36 9 5 5 4 4 4 5 5 3
37 9 6 6 4 4 4 6 5 3
38 9 5 5 4 4 4 6 5 3
39 9 5 5 4 4 4 5 5 3
40 9 5 5 4 4 5 5 5 3
41 9 5 5 4 4 4 6 5 3
42 9 9 5 4 4 4 7 6 3
43 9 5 5 4 4 5 9 9 3
44 9 5 5 4 4 5 7 7 3
45 9 6 5 4 4 4 6 6 3
46 9 5 5 4 4 4 8 8 3
47 9 5 5 4 4 4 6 6 3
48 9 5 5 4 4 4 5 5 3
49 9 0 5 4 4 4 7 6 3
50 9 0 5 4 4 5 7 6 3
51 9 5 6 4 4 4 6 5 3
52 9 5 5 4 4 5 5 5 3
53 9 9 5 4 4 5 8 8 3
54 9 9 5 4 4 4 6 6 3
55 9 0 5 4 4 5 7 7 3
56 9 5 5 4 4 4 6 6 3
57 9 5 5 4 4 4 6 5 3
58 9 6 5 4 4 4 6 6 3
59 9 5 5 4 4 4 6 5 3
60 9 5 5 4 4 4 8 7 3
61 9 9 5 4 4 5 8 7 3
62 9 5 5 4 4 4 8 8 3
63 9 5 5 4 4 5 6 6 3
64 9 4 5 4 4 4 6 6 3
65 9 5 5 4 4 5 6 6 3
66 9 9 5 4 4 4 7 6 3
67 9 5 5 4 4 4 7 7 3
68 9 5 5 4 4 4 5 5 3
69 9 5 5 4 4 4 7 7 3
70 9 0 5 4 4 5 5 5 3
71 9 5 5 4 4 4 5 5 3
72 9 6 5 4 4 4 6 6 3
73 9 6 5 4 4 4 6 6 3
74 9 9 5 4 4 4 7 7 3
75 9 5 5 4 4 5 7 5 3
76 9 5 5 4 4 4 5 5 3
77 9 5 5 4 4 5 7 7 3
78 9 6 5 4 4 4 6 6 3
79 9 6 5 4 4 5 7 6 3
80 9 5 5 4 4 4 7 7 3
81 9 5 6 4 4 4 6 5 3
82 9 5 5 4 4 4 7 7 3
83 9 5 5 4 4 4 7 5 3
84 9 4 5 4 4 5 6 6 3
85 9 6 5 4 4 4 6 6 3
86 9 5 5 4 4 4 6 5 3
87 9 6 5 4 4 4 6 6 3
88 9 5 5 4 4 4 6 5 3
89 9 5 5 4 4 5 6 5 3
90 9 6 5 4 4 4 6 6 3
91 9 6 5 4 4 4 7 6 3
92 9 5 5 4 4 4 6 6 3
93 9 5 5 4 4 4 7 6 3
94 9 5 5 4 4 4 6 6 3
95 9 9 5 4 4 5 7 7 3
96 9 5 7 4 4 5 8 7 3
97 9 5 5 4 4 5 8 6 3
98 9 7 5 4 4 5 7 7 3
99 9 5 5 4 4 4 6 5 3
100 9 5 5 4 4 4 6 5 3
101 9 5 5 4 4 4 5 5 3
102 9 9 5 4 4 5 7 6 3
103 9 5 5 4 4 4 6 6 3
104 9 0 5 4 4 4 8 8 3
105 9 5 5 4 4 5 6 5 3
106 9 5 5 4 4 4 8 5 3
107 9 5 5 4 1 4 6 6 3
108 9 4 5 4 4 4 8 8 3
109 9 5 5 4 4 4 6 5 3
110 9 9 5 4 4 4 8 6 3
111 9 5 5 4 4 4 7 6 3
112 9 5 5 4 4 4 6 6 3
113 9 5 5 4 4 4 7 5 3
114 9 5 5 4 4 4 6 5 3
115 9 5 5 4 4 4 8 5 3
116 9 5 5 4 4 5 7 7 3
117 9 6 5 4 4 4 8 6 3
118 9 5 5 4 4 4 7 6 3
119 9 5 5 4 4 4 8 6 3
120 9 5 5 4 4 4 7 7 3
121 9 9 5 4 4 4 6 6 3
122 9 0 5 4 4 4 8 6 3
123 9 5 5 4 4 4 6 6 3
124 9 5 5 4 4 5 6 6 3
125 9 6 5 4 4 4 6 6 3
126 9 6 5 4 4 5 6 6 3
127 9 5 5 4 4 5 8 7 3
128 9 5 5 4 4 4 6 5 3
129 9 5 5 4 4 5 6 5 3
130 9 5 5 4 4 4 6 5 3
131 9 5 5 4 4 5 6 5 3
132 9 5 5 4 4 5 6 6 3
133 9 6 5 4 4 4 7 6 3
134 9 9 5 4 4 4 9 6 3
135 9 5 5 4 4 5 6 6 3
136 9 9 5 4 4 5 8 8 3
137 9 7 5 4 4 5 7 6 3
138 9 6 5 4 4 5 8 7 3
139 9 5 5 4 4 4 6 5 3
140 9 5 6 4 4 5 7 5 3
141 9 5 6 4 4 5 6 5 3
142 9 5 5 4 4 4 6 5 3
143 9 5 5 4 4 4 7 5 3
144 9 5 5 4 4 5 6 6 3
145 9 0 5 4 4 5 8 7 3
146 9 4 5 4 4 4 7 7 3
147 9 5 5 4 4 4 7 5 3
148 9 5 5 4 4 5 7 6 3
149 9 5 5 4 4 4 6 5 3
150 9 5 5 4 4 4 6 5 3
151 9 5 5 4 4 4 6 5 3
152 9 5 5 4 4 4 6 6 3
153 9 5 5 4 4 5 7 5 3
154 9 0 5 4 4 5 6 5 3
155 9 5 5 4 4 4 5 5 3
156 9 5 5 4 4 4 6 5 3
157 9 9 5 4 4 4 7 7 3
158 9 5 5 4 4 4 6 5 3
159 9 6 6 4 4 4 6 6 3
160 9 9 5 4 4 5 7 7 3
161 9 5 5 4 4 5 6 5 3
162 9 9 5 4 4 5 6 6 3
163 9 8 5 4 4 4 8 7 3
164 9 5 5 4 4 4 6 6 3
165 9 5 5 4 4 4 5 5 3
166 9 5 5 4 4 4 7 7 3
167 9 5 5 4 4 5 8 5 3
168 9 5 5 4 4 5 6 6 3
169 9 5 5 4 4 5 7 5 3
170 9 5 5 4 4 5 5 5 3
171 9 5 5 4 4 4 6 5 3
172 9 5 5 4 4 5 6 6 3
173 9 7 5 4 4 4 6 6 3
174 9 5 5 4 4 4 6 5 3
175 9 5 5 4 4 5 5 5 3
176 9 9 5 4 4 5 8 8 3
177 9 5 5 4 4 5 7 7 3
178 9 5 5 4 4 4 6 6 3
179 9 5 5 4 4 5 7 7 3
180 9 5 5 4 4 5 8 8 3
181 9 5 5 4 4 4 6 5 3
182 9 5 5 4 4 5 6 5 3
183 9 9 5 4 4 5 7 7 3
184 9 5 5 4 4 4 7 7 3
185 9 5 5 4 4 4 6 5 3
186 9 9 5 4 4 4 7 6 3
187 9 5 5 4 4 4 8 8 3
188 9 5 5 4 1 5 6 6 3
189 9 5 5 4 4 5 8 7 3
190 9 5 5 4 4 5 6 5 3
191 9 5 5 4 4 5 6 6 3
192 9 5 5 4 4 5 8 8 3
193 9 5 5 4 4 5 6 5 3
194 9 5 5 4 4 4 7 7 3
195 9 5 5 4 4 5 7 5 3
196 9 5 5 4 4 4 6 5 3
197 9 5 5 4 4 5 6 6 3
198 9 5 5 4 4 4 6 5 3
199 9 5 9 4 4 5 7 6 3
200 9 5 5 4 4 4 8 6 3
201 9 5 5 4 4 4 5 5 3
202 9 5 5 4 4 5 7 5 3
203 9 5 5 4 4 5 6 5 3
204 9 5 5 4 4 4 7 5 3
205 9 5 5 4 4 4 7 5 3
206 9 5 5 4 4 4 5 5 3
207 9 5 5 4 4 4 7 6 3
208 9 6 5 4 4 4 7 7 3
209 9 5 5 4 4 5 6 6 3
210 9 5 5 4 4 5 6 6 3
211 9 5 5 4 4 5 6 5 3
212 9 5 5 4 4 4 8 7 3
213 9 5 5 4 4 5 7 5 3
214 9 8 5 4 4 5 7 6 3
215 9 6 5 4 4 4 6 6 3
216 9 4 5 4 4 5 6 6 3
217 9 6 5 4 1 5 6 6 3
218 9 5 5 4 4 4 5 5 3
219 9 6 9 4 4 4 6 6 3
220 9 4 6 4 4 4 6 6 3
221 9 5 5 4 4 4 8 5 3
222 9 9 5 4 4 5 6 6 3
223 9 5 5 4 4 4 7 5 3
224 9 6 5 4 4 5 6 6 3
225 9 5 6 4 4 5 7 6 3
226 9 0 5 4 4 5 7 7 3
227 9 5 5 4 4 5 7 5 3
228 9 4 5 4 4 4 8 8 3
229 9 5 5 4 4 5 7 7 3
230 9 5 5 4 4 5 7 7 3
231 9 5 5 4 4 4 7 5 3
232 9 5 5 4 4 4 7 6 3
233 9 5 5 4 4 5 7 5 3
234 9 5 5 4 4 4 8 5 3
235 9 7 5 4 4 5 6 6 3
236 9 5 5 4 4 5 5 5 3
237 9 5 5 4 4 5 7 7 3
238 9 5 5 4 4 4 6 5 3
239 9 7 5 4 4 4 6 6 3
240 9 5 5 4 4 5 6 5 3
241 9 5 5 4 4 5 5 5 3
242 9 5 5 4 4 5 7 7 3
243 9 4 5 4 4 4 7 7 3
244 9 5 5 4 4 4 5 5 3
245 9 7 5 4 4 5 7 7 3
246 9 4 5 4 1 4 7 7 3
247 9 5 5 4 4 5 7 7 3
248 9 5 5 4 4 4 6 5 3
249 9 5 5 4 4 4 5 5 3
250 9 5 5 4 4 4 5 5 3
251 9 5 5 4 4 4 6 6 3
252 9 0 5 4 4 5 7 7 3
253 9 5 5 4 4 5 6 6 3
254 9 0 5 4 4 4 8 8 3
255 9 9 5 4 4 4 6 5 3
256 9 5 5 4 4 4 7 6 3
257 9 5 6 4 4 4 5 5 3
258 9 5 5 4 4 5 6 5 3
259 9 5 5 4 4 5 7 7 3
260 9 5 5 4 4 5 7 7 3
261 9 5 5 4 4 4 6 6 3
262 9 5 5 4 4 4 7 7 3
263 9 5 5 4 4 5 9 6 3
264 9 5 5 4 4 5 6 6 3
265 9 6 5 4 4 4 6 6 3
266 9 5 5 4 4 5 6 6 3
267 9 4 5 4 4 4 7 7 3
268 9 5 5 4 4 5 7 5 3
269 9 5 5 4 4 5 6 6 3
270 9 5 5 4 4 4 7 5 3
271 9 5 5 4 4 5 7 7 3
272 9 5 5 4 4 4 7 5 3
273 9 5 5 4 4 4 6 5 3
274 9 5 5 4 4 5 8 6 3
275 9 6 5 4 4 4 6 6 3
276 9 9 5 4 4 4 8 6 3
277 9 9 9 4 4 5 8 8 3
278 9 0 5 4 4 4 9 9 3
279 9 5 5 4 4 5 8 8 3
280 9 5 5 4 4 4 6 6 3
281 9 5 5 4 4 5 7 5 3
282 9 4 5 4 4 5 6 6 3
283 9 5 5 4 4 4 8 8 3
284 9 0 5 4 4 5 7 7 3
285 9 5 5 4 4 4 7 5 3
286 9 5 5 4 4 4 8 7 3
287 9 5 5 4 4 5 7 5 3
288 9 5 5 4 4 4 7 6 3
289 9 4 5 4 4 5 6 6 3
290 9 5 5 4 4 5 6 5 3
291 9 5 5 4 4 4 7 5 3
292 9 5 5 4 4 4 9 7 3
293 9 0 5 4 4 4 7 6 3
294 9 6 5 4 4 5 8 6 3
295 9 0 5 4 4 4 8 8 3
296 9 5 5 4 4 4 7 5 3
297 9 7 5 4 4 4 7 7 3
298 9 5 5 4 4 5 7 5 3
299 9 5 5 4 4 4 6 6 3
300 9 5 5 4 4 4 7 7 3
301 9 6 5 4 4 4 6 6 3
302 9 5 5 4 4 4 7 5 3
303 9 5 5 4 4 5 6 6 3
304 9 5 9 4 4 4 7 5 3
305 9 0 5 4 4 4 7 7 3
306 9 4 5 4 4 5 8 6 3
307 9 6 5 4 4 4 6 6 3
308 9 5 5 4 4 4 7 6 3
309 9 5 5 4 4 4 6 6 3
310 9 5 5 4 4 5 6 5 3
311 9 6 5 4 4 5 6 6 3
312 9 5 5 4 4 4 6 6 3
313 9 5 5 4 4 4 7 6 3
314 9 6 5 4 4 4 7 7 3
315 9 0 9 4 4 4 7 6 3
316 9 5 5 4 4 4 6 6 3
317 9 5 5 4 4 5 7 6 3
318 9 5 5 4 4 5 7 5 3
319 9 5 5 4 4 4 5 5 3
320 9 6 5 4 4 4 6 6 3
321 9 5 5 4 4 4 6 6 3
322 9 5 5 4 4 5 6 5 3
323 9 6 5 4 4 4 6 6 3
324 9 6 5 4 4 4 6 6 3
325 9 5 5 4 4 4 8 6 3
326 9 5 5 4 4 4 6 6 3
327 9 9 5 4 4 5 8 8 3
328 9 0 5 4 4 4 7 7 3
329 9 5 5 4 4 5 6 6 3
330 9 5 5 4 4 4 6 6 3
331 9 4 5 4 4 4 7 6 3
332 9 5 5 4 4 4 7 7 3
333 9 6 5 4 4 4 6 6 3
334 9 5 6 4 4 5 7 5 3
335 9 5 5 4 4 5 8 6 3
336 9 5 5 4 4 5 7 5 3
337 9 5 5 4 4 5 7 5 3
338 9 6 5 4 4 4 6 6 3
339 9 5 9 4 4 5 6 5 3
340 9 5 5 4 4 4 7 5 3
341 9 5 5 4 4 4 7 5 3
342 9 5 5 4 4 4 8 5 3
343 9 7 5 4 4 5 7 6 3
344 9 4 5 4 4 5 8 6 3
345 9 5 5 4 4 5 6 5 3
346 9 5 5 4 4 4 6 6 3
347 9 8 5 4 4 5 8 8 3
348 9 0 5 4 4 4 6 6 3
349 9 9 5 4 4 4 6 6 3
350 9 5 5 4 4 5 7 5 3
351 9 9 6 4 4 5 6 6 3
352 9 5 5 4 4 4 8 6 3
353 9 5 5 4 4 4 6 6 3
354 9 5 5 4 4 4 7 5 3
355 9 9 6 4 4 4 7 7 3
356 9 9 5 4 4 4 7 6 3
357 9 9 5 4 4 5 7 7 3
358 9 5 5 4 4 5 5 5 3
359 9 9 5 4 4 4 6 5 3
360 9 5 5 4 4 5 7 7 3
361 9 4 5 4 4 5 6 5 3
362 9 5 5 4 4 4 7 5 3
363 9 5 5 4 4 5 6 5 3
364 9 6 5 4 4 4 7 6 3
365 9 5 5 4 4 4 5 5 3
366 9 7 5 4 4 5 7 5 3
367 9 5 5 4 4 4 5 5 3
368 9 5 5 4 4 4 6 5 3
369 9 5 5 4 4 5 7 6 3
370 9 5 5 4 4 5 6 6 3
371 9 9 5 4 4 4 7 6 3
372 9 5 5 4 4 5 7 7 3
373 9 5 5 4 4 5 7 7 3
374 9 5 5 4 4 4 7 5 3
375 9 5 5 4 4 4 6 6 3
376 9 9 5 4 4 5 8 8 3
377 9 6 5 4 4 4 6 6 3
378 9 6 5 4 4 4 6 6 3
379 9 5 5 4 4 4 5 5 3
380 9 6 5 4 4 4 6 6 3
381 9 5 5 4 4 4 7 5 3
382 9 5 5 4 4 5 6 6 3
383 9 4 5 4 4 5 7 7 3
384 9 5 5 4 4 4 5 5 3
385 9 5 5 4 4 5 7 6 3
386 9 5 9 4 4 4 8 5 3
387 9 0 5 4 4 5 7 6 3
388 9 5 5 4 4 5 6 5 3
389 9 6 5 4 4 4 6 6 3
390 9 5 5 4 1 5 6 6 3
391 9 5 5 4 4 4 6 5 3
392 9 5 5 4 4 5 6 5 3
393 9 6 5 4 4 5 7 6 3
394 9 5 5 4 4 4 5 5 3
395 9 5 5 4 4 4 6 5 3
396 9 5 5 4 4 5 6 5 3
397 9 5 5 4 4 4 7 7 3
398 9 4 5 4 4 4 8 8 3
399 9 6 5 4 4 5 6 6 3
400 9 9 5 4 4 4 8 6 3
401 9 5 5 4 4 4 5 5 3
402 9 5 5 4 4 4 6 5 3
403 9 5 5 4 4 4 5 5 3
404 9 8 5 4 4 4 7 6 3
405 9 9 5 4 1 5 6 6 3
406 9 5 5 4 4 4 8 5 3
407 9 9 5 4 4 4 8 8 3
408 9 0 5 4 4 4 8 7 3
409 9 9 5 4 3 5 8 7 3
410 9 6 5 4 4 4 6 6 3
411 9 4 5 4 4 4 7 7 3
412 9 5 5 4 1 4 7 7 3
413 9 5 5 4 4 4 6 5 3
414 9 5 5 4 4 5 6 5 3
415 9 9 5 4 4 4 7 7 3
416 9 5 5 4 4 4 5 5 3
417 9 5 5 4 4 4 7 6 3
418 9 5 5 4 4 5 6 5 3
419 9 5 5 4 4 5 7 5 3
420 9 5 5 4 4 4 6 5 3
421 9 5 5 4 4 4 7 5 3
422 9 5 5 4 4 4 5 5 3
423 9 5 5 4 4 5 5 5 3
424 9 5 5 4 4 4 6 5 3
425 9 5 5 4 4 5 6 5 3
426 9 0 5 4 4 4 6 6 3
427 9 5 5 4 4 4 6 5 3
428 9 9 5 4 4 5 7 6 3
429 9 5 5 4 4 5 7 6 3
430 9 0 5 4 4 4 6 5 3
431 9 5 5 4 4 5 6 6 3
432 9 9 5 4 4 4 7 7 3
433 9 5 5 4 4 5 7 5 3
434 9 6 5 4 4 5 6 6 3
435 9 5 5 4 4 5 6 6 3
436 9 9 5 4 4 4 9 6 3
437 9 5 5 4 4 4 7 7 3
438 9 0 5 4 4 4 8 8 3
439 9 5 5 4 1 5 7 5 3
440 9 5 5 4 4 4 7 7 3
441 9 6 5 4 4 5 6 6 3
442 9 5 5 4 4 4 6 5 3
443 9 5 5 4 4 4 6 6 3
444 9 6 5 4 4 5 7 6 3
445 9 5 5 4 4 5 8 5 3
446 9 9 5 4 4 4 8 7 3
447 9 5 5 4 4 4 7 7 3
448 9 7 5 4 4 4 7 7 3
449 9 4 9 4 4 5 8 6 3
450 9 5 5 4 4 4 5 5 3
451 9 6 5 4 4 4 6 6 3
452 9 5 5 4 4 4 7 6 3
453 9 4 5 4 4 5 7 7 3
454 9 5 5 4 4 5 5 5 3
455 9 5 5 4 4 4 5 5 3
456 9 5 6 4 4 5 7 7 3
457 9 5 5 4 4 5 8 8 3
458 9 7 5 4 4 4 7 7 3
459 9 5 5 4 4 5 6 6 3
460 9 4 6 4 4 4 7 7 3
461 9 5 5 4 4 4 6 5 3
462 9 0 5 4 4 4 9 6 3
463 9 9 5 4 4 5 8 7 3
464 9 5 6 4 4 5 6 6 3
465 9 5 5 4 4 4 6 5 3
466 9 5 5 4 4 5 6 5 3
467 9 6 5 4 4 4 6 6 3
468 9 5 5 4 4 4 7 5 3
469 9 6 5 4 4 5 6 6 3
470 9 5 5 4 4 4 7 5 3
471 9 5 5 4 4 4 8 5 3
472 9 0 5 4 1 5 6 6 3
473 9 5 5 4 4 5 7 7 3
474 9 5 5 4 4 5 6 6 3
475 9 5 5 4 4 5 7 5 3
476 9 5 5 4 4 4 6 5 3
477 9 5 5 4 4 5 6 5 3
478 9 7 5 4 4 5 7 7 3
479 9 5 5 4 4 4 9 9 3
480 9 5 5 4 4 5 7 5 3
481 9 4 5 4 4 5 7 7 3
482 9 5 5 4 4 4 7 6 3
483 9 5 5 4 4 5 6 6 3
484 9 5 5 4 4 4 7 7 3
485 9 6 5 4 4 4 6 6 3
486 9 5 5 4 4 5 7 5 3
487 9 5 5 4 4 4 5 5 3
488 9 5 5 4 1 5 6 5 3
489 9 5 5 4 4 4 6 5 3
490 9 5 5 4 4 5 8 7 3
491 9 5 5 4 4 5 6 6 3
492 9 6 5 4 4 5 6 6 3
493 9 0 5 4 4 4 6 6 3
494 9 5 5 4 4 4 6 5 3
495 9 5 5 4 4 4 5 5 3
496 9 5 5 4 4 4 6 6 3
497 9 4 5 4 4 4 7 7 3
498 9 5 5 4 4 4 5 5 3
499 9 6 5 4 4 5 6 6 3
500 9 6 5 4 4 5 6 6 3
501 9 5 6 4 4 5 6 5 3
502 9 5 5 4 4 5 6 5 3
503 9 8 5 4 4 4 7 6 3
504 9 5 5 4 4 4 6 6 3
505 9 7 5 4 4 4 6 6 3
506 9 9 5 4 4 4 7 7 3
507 9 5 5 4 4 4 6 5 3
508 9 5 5 4 4 4 7 7 3
509 9 5 5 4 4 5 6 5 3
510 9 8 5 4 4 5 7 7 3
511 9 5 5 4 4 4 8 7 3
512 9 5 5 4 4 5 7 6 3
513 9 5 5 4 4 4 6 6 3
514 9 0 5 4 4 4 6 5 3
515 9 5 5 4 4 4 7 5 3
516 9 5 5 4 4 5 7 5 3
517 9 5 5 4 4 4 6 5 3
518 9 5 5 4 4 4 6 6 3
519 9 5 5 4 4 4 6 6 3
520 9 0 5 4 4 4 6 6 3
521 9 5 5 4 4 4 5 5 3
522 9 5 5 4 4 4 7 7 3
523 9 4 5 4 4 5 8 8 3
524 9 5 5 4 1 5 5 5 3
525 9 9 5 4 4 5 8 8 3
526 9 5 5 4 4 5 7 7 3
527 9 4 5 4 4 4 7 6 3
528 9 5 5 4 4 5 7 7 3
529 9 6 5 4 4 4 6 6 3
530 9 9 5 4 4 4 7 6 3
531 9 5 5 4 4 5 5 5 3
532 9 9 5 4 4 5 6 6 3
533 9 0 5 4 4 4 7 7 3
534 9 6 5 4 4 5 6 6 3
535 9 5 5 4 4 4 5 5 3
536 9 6 5 4 4 4 6 5 3
537 9 5 5 4 4 4 8 8 3
538 9 5 5 4 4 4 6 6 3
539 9 5 5 4 4 4 7 7 3
540 9 5 5 4 4 4 7 6 3
541 9 5 5 4 4 4 6 6 3
542 9 5 5 4 4 5 6 5 3
543 9 5 5 4 4 5 7 5 3
544 9 5 5 4 4 4 6 6 3
545 9 5 6 4 4 5 6 5 3
546 9 5 6 4 4 5 7 6 3
547 9 7 5 4 4 5 7 7 3
548 9 5 5 4 4 4 7 6 3
549 9 5 5 4 4 4 6 5 3
550 9 0 5 4 4 4 6 6 3
551 9 6 5 4 3 5 7 6 3
552 9 5 5 4 4 4 8 8 3
553 9 5 5 4 4 4 7 7 3
554 9 5 5 4 4 4 8 5 3
555 9 5 5 4 4 4 6 5 3
556 9 5 5 4 4 4 7 7 3
557 9 5 5 4 4 4 7 6 3
558 9 5 5 4 4 4 8 6 3
559 9 6 7 4 4 4 6 6 3
560 9 5 5 4 4 5 6 5 3
561 9 5 5 4 4 4 6 5 3
562 9 5 5 4 4 5 6 5 3
563 9 5 5 4 4 4 6 5 3
564 9 5 5 4 4 5 7 7 3
565 9 5 5 4 4 4 5 5 3
566 9 5 5 4 4 4 9 5 3
567 9 4 5 4 4 4 7 6 3
568 9 5 5 4 4 4 7 5 3
569 9 6 5 4 4 4 6 6 3
570 9 5 5 4 4 5 6 5 3
571 9 9 5 4 4 4 6 6 3
572 9 0 9 4 4 5 7 6 3
573 9 5 5 4 4 5 7 5 3
574 9 5 5 4 4 5 5 5 3
575 9 5 5 4 4 4 6 5 3
576 9 7 5 4 4 5 7 5 3
577 9 7 5 4 4 4 6 6 3
578 9 5 5 4 4 4 7 5 3
579 9 5 5 4 4 4 8 6 3
580 9 5 5 4 4 5 6 6 3
581 9 5 5 4 4 5 7 7 3
582 9 5 5 4 4 4 8 6 3
583 9 5 5 4 4 5 6 5 3
584 9 5 5 4 4 4 6 5 3
585 9 5 5 4 4 5 6 5 3
586 9 5 5 4 4 5 6 5 3
587 9 7 5 4 4 4 7 7 3
588 9 5 5 4 4 4 5 5 3
589 9 5 5 4 4 5 7 5 3
590 9 5 5 4 4 5 6 5 3
591 9 5 5 4 4 4 7 6 3
592 9 5 5 4 4 4 7 5 3
593 9 6 5 4 4 5 6 6 3
594 9 6 5 4 4 5 6 6 3
595 9 5 5 4 4 4 6 5 3
596 9 5 5 4 4 5 5 5 3
597 9 5 5 4 4 4 6 6 3
598 9 5 5 4 4 5 5 5 3
599 9 9 5 4 4 5 8 6 3
600 9 5 5 4 4 4 7 6 3
601 9 5 5 4 4 5 5 5 3
602 9 6 5 4 4 5 7 6 3
603 9 5 5 4 4 5 6 5 3
604 9 5 5 4 4 5 7 6 3
605 9 7 5 4 4 5 7 6 3
606 9 5 5 4 4 5 5 5 3
607 9 6 5 4 4 4 8 6 3
608 9 5 5 4 4 4 7 7 3
609 9 5 5 4 4 4 7 7 3
610 9 9 5 4 4 4 7 7 3
611 9 5 5 4 4 4 6 6 3
612 9 5 5 4 4 5 6 5 3
613 9 5 5 4 4 4 7 6 3
614 9 5 5 4 4 5 6 5 3
615 9 5 5 4 4 5 6 6 3
616 9 5 5 4 4 4 8 5 3
617 9 9 5 4 4 4 7 7 3
618 9 5 5 4 4 5 6 5 3
619 9 9 5 4 4 4 6 6 3
620 9 5 5 4 4 4 6 5 3
621 9 5 5 4 4 5 6 6 3
622 9 0 5 4 4 4 6 6 3
623 9 4 5 4 4 4 7 7 3
624 9 5 5 4 4 5 6 6 3
625 9 4 7 4 4 4 6 6 3
626 9 5 5 4 4 5 5 5 3
627 9 5 8 4 4 5 6 6 3
628 9 9 5 4 4 5 8 8 3
629 9 7 5 4 4 5 7 6 3
630 9 0 5 4 4 5 8 6 3
631 9 6 5 4 4 5 6 6 3
632 9 5 5 4 1 5 6 6 3
633 9 6 5 4 4 4 6 6 3
634 9 5 5 4 4 5 7 6 3
635 9 0 5 4 4 4 8 6 3
636 9 5 6 4 4 5 6 6 3
637 9 6 5 4 1 5 6 6 3
638 9 9 5 4 4 4 6 6 3
639 9 6 5 4 4 5 6 6 3
640 9 5 5 4 4 4 5 5 3
641 9 5 5 4 4 5 6 5 3
642 9 5 5 4 4 5 7 5 3
643 9 4 5 4 4 4 9 6 3
644 9 5 5 4 4 5 8 8 3
645 9 0 5 4 4 4 8 8 3
646 9 6 5 4 4 4 6 6 3
647 9 5 5 4 4 5 7 5 3
648 9 5 5 4 4 4 8 6 3
649 9 7 5 4 4 4 7 7 3
650 9 5 5 4 4 5 6 5 3
651 9 5 5 4 4 5 7 7 3
652 9 5 5 4 4 4 6 6 3
653 9 5 5 4 4 4 6 6 3
654 9 5 5 4 4 5 6 5 3
655 9 5 5 4 4 4 7 6 3
656 9 5 5 4 4 4 6 5 3
657 9 5 5 4 4 5 6 5 3
658 9 5 5 4 4 5 5 5 3
659 9 5 5 4 4 5 6 6 3
660 9 5 5 4 4 4 6 5 3
661 9 0 5 4 4 4 6 6 3
662 9 9 5 4 4 5 7 6 3
663 9 5 5 4 4 5 8 6 3
664 9 5 5 4 4 4 6 6 3
665 9 9 5 4 4 4 7 7 3
666 9 9 5 4 4 5 7 7 3
667 9 5 5 4 4 5 5 5 3
668 9 5 5 4 4 4 6 6 3
669 9 6 9 4 4 4 6 6 3
670 9 5 5 4 4 4 5 5 3
671 9 5 5 4 4 5 6 5 3
672 9 5 5 4 4 4 7 5 3
673 9 5 5 4 4 4 7 5 3
674 9 0 5 4 4 4 7 7 3
675 9 5 5 4 4 4 6 5 3
676 9 5 9 4 4 5 7 6 3
677 9 5 5 4 4 4 6 5 3
678 9 5 5 4 4 4 6 6 3
679 9 6 5 4 4 4 6 6 3
680 9 5 5 4 4 5 6 6 3
681 9 5 5 4 4 5 6 6 3
682 9 0 5 4 4 5 7 7 3
683 9 5 5 4 4 5 8 6 3
684 9 9 5 4 4 5 6 5 3
685 9 5 9 4 4 5 5 5 3
686 9 4 5 4 4 5 8 6 3
687 9 6 5 4 4 4 6 6 3
688 9 0 5 4 4 5 6 6 3
689 9 4 5 4 4 4 7 7 3
690 9 5 5 4 4 5 7 5 3
691 9 0 5 4 4 5 7 6 3
692 9 5 5 4 4 4 6 6 3
693 9 0 5 4 4 4 7 7 3
694 9 6 5 4 4 5 6 6 3
695 9 5 5 4 4 5 6 5 3
696 9 7 5 4 4 4 7 6 3
697 9 9 5 4 4 5 7 6 3
698 9 8 5 4 4 4 8 6 3
699 9 7 9 4 4 4 7 7 3
700 9 5 5 4 4 5 6 5 3
701 9 5 5 4 4 4 6 6 3
702 9 5 5 4 4 4 6 5 3
703 9 0 5 4 4 5 7 7 3
704 9 5 5 4 4 4 5 5 3
705 9 0 7 4 4 4 9 6 3
706 9 5 5 4 4 5 8 8 3
707 9 5 5 4 4 5 6 6 3
708 9 5 5 4 4 4 7 5 3
709 9 5 5 4 4 5 5 5 3
710 9 5 5 4 4 4 8 5 3
711 9 5 5 4 4 5 6 6 3
712 9 5 5 4 4 5 6 5 3
713 9 7 5 4 4 5 7 7 3
714 9 6 5 4 4 5 7 6 3
715 9 5 5 4 4 5 6 6 3
716 9 6 5 4 4 5 8 7 3
717 9 5 5 4 4 5 6 6 3
718 9 5 5 4 4 5 6 5 3
719 9 6 5 4 4 4 8 6 3
720 9 5 6 4 4 4 6 5 3
721 9 4 5 4 4 5 7 6 3
722 9 5 5 4 4 4 6 5 3
723 9 5 5 4 4 4 7 7 3
724 9 8 6 4 4 4 7 7 3
725 9 5 5 4 4 4 7 5 3
726 9 7 5 4 4 5 7 7 3
727 9 8 5 4 4 4 8 6 3
728 9 5 5 4 4 4 7 6 3
729 9 5 5 4 4 5 6 5 3
730 9 5 5 4 4 4 6 5 3
731 9 5 5 4 4 5 7 6 3
732 9 9 5 4 4 5 7 6 3
733 9 5 5 4 4 4 5 5 3
734 9 0 5 4 4 4 7 7 3
735 9 5 5 4 4 4 6 5 3
736 9 5 5 4 4 5 5 5 3
737 9 5 5 4 4 4 5 5 3
738 9 6 5 4 4 4 6 6 3
739 9 0 5 4 4 4 6 6 3
740 9 5 6 4 4 4 5 5 3
741 9 0 5 4 4 5 7 7 3
742 9 5 5 4 4 4 7 5 3
743 9 5 5 4 4 5 7 5 3
744 9 6 5 4 4 4 6 6 3
745 9 5 5 4 4 4 6 6 3
746 9 7 9 4 4 4 7 7 3
747 9 5 5 4 4 5 6 6 3
748 9 5 5 4 4 5 6 5 3
749 9 6 5 4 4 5 6 6 3
750 9 4 5 4 4 5 6 6 3
751 9 5 5 4 4 5 5 5 3
752 9 0 5 4 4 4 7 7 3
753 9 5 5 4 4 5 6 5 3
754 9 5 5 4 4 4 8 6 3
755 9 5 5 4 4 5 7 7 3
756 9 9 5 4 4 5 7 7 3
757 9 5 5 4 4 4 6 5 3
758 9 5 5 4 4 4 7 6 3
759 9 5 5 4 4 4 6 6 3
760 9 5 5 4 4 5 6 5 3
761 9 5 5 4 4 4 5 5 3
762 9 5 5 4 4 5 6 6 3
763 9 5 5 4 4 5 8 6 3
764 9 9 6 4 3 5 7 7 3
765 9 5 5 4 4 5 7 7 3
766 9 8 5 4 4 4 7 7 3
767 9 5 5 4 4 4 6 6 3
768 9 5 5 4 4 5 5 5 3
769 9 9 5 4 4 4 7 6 3
770 9 5 5 4 4 5 7 5 3
771 9 5 5 4 4 4 7 7 3
772 9 5 5 4 4 4 7 7 3
773 9 9 5 4 4 4 7 7 3
774 9 5 5 4 4 4 6 5 3
775 9 5 5 4 4 4 7 7 3
776 9 0 5 4 4 4 6 6 3
777 9 9 5 4 1 5 7 6 3
778 9 5 5 4 4 5 6 5 3
779 9 5 5 4 4 5 7 6 3
780 9 5 5 4 4 4 7 7 3
781 9 5 5 4 4 5 7 5 3
782 9 5 5 4 4 4 6 5 3
783 9 4 5 4 4 4 7 6 3
784 9 5 5 4 4 4 8 5 3
785 9 5 5 4 4 5 7 6 3
786 9 0 5 4 4 4 8 8 3
787 9 5 5 4 4 4 6 5 3
788 9 6 5 4 4 5 6 6 3
789 9 4 5 4 4 4 7 7 3
790 9 0 5 4 4 5 7 7 3
791 9 9 5 4 4 4 7 7 3
792 9 5 5 4 4 4 6 5 3
793 9 0 5 4 4 4 7 7 3
794 9 5 5 4 4 5 6 6 3
795 9 5 5 4 4 4 6 5 3
796 9 5 5 4 4 4 6 5 3
797 9 9 9 4 4 5 8 8 3
798 9 5 5 4 4 5 6 6 3
799 9 5 5 4 4 5 7 5 3
800 9 5 5 4 4 5 7 6 3
801 9 6 5 4 4 4 6 6 3
802 9 5 5 4 4 4 7 5 3
803 9 9 5 4 4 4 8 8 3
804 9 0 5 4 4 5 7 6 3
805 9 5 5 4 4 5 6 6 3
806 9 6 5 4 4 4 7 7 3
807 9 6 5 4 4 4 6 6 3
808 9 5 6 4 4 5 6 6 3
809 9 5 5 4 4 4 6 5 3
810 9 6 5 4 4 4 6 5 3
811 9 5 5 4 4 5 6 5 3
812 9 5 5 4 4 5 6 6 3
813 9 5 5 4 4 4 6 5 3
814 9 5 5 4 4 5 7 5 3
815 9 9 5 4 4 4 7 7 3
816 9 7 5 4 4 5 7 7 3
817 9 5 5 4 4 4 6 5 3
818 9 5 5 4 4 5 7 5 3
819 9 5 5 4 4 4 5 5 3
820 9 5 5 4 4 5 5 5 3
821 9 8 5 4 4 5 7 6 3
822 9 5 5 4 4 5 8 5 3
823 9 5 5 4 4 4 6 5 3
824 9 5 6 4 4 5 7 7 3
825 9 5 5 4 4 5 7 6 3
826 9 9 5 4 4 4 7 7 3
827 9 4 5 4 4 4 7 6 3
828 9 6 5 4 4 5 6 5 3
829 9 5 5 4 4 5 6 6 3
830 9 5 5 4 4 4 6 5 3
831 9 5 5 4 4 5 5 5 3
832 9 5 5 4 4 5 8 7 3
833 9 9 5 4 4 4 7 7 3
834 9 5 5 4 4 5 7 6 3
835 9 5 5 4 4 5 7 7 3
836 9 5 5 4 4 5 6 6 3
837 9 6 5 4 4 5 6 6 3
838 9 9 5 4 4 5 6 6 3
839 9 5 5 4 4 4 5 5 3
840 9 5 5 4 4 4 6 6 3
841 9 5 5 4 4 5 7 7 3
842 9 5 5 4 4 4 7 6 3
843 9 5 5 4 4 4 7 6 3
844 9 5 5 4 4 4 7 5 3
845 9 5 5 4 4 5 7 7 3
846 9 5 5 4 4 4 6 5 3
847 9 4 5 4 4 4 8 8 3
848 9 5 5 4 4 4 6 6 3
849 9 4 5 4 4 4 6 6 3
850 9 5 5 4 4 4 7 6 3
851 9 6 5 4 4 4 6 6 3
852 9 5 5 4 4 4 6 5 3
853 9 0 5 4 4 5 6 6 3
854 9 5 5 4 1 5 9 6 3
855 9 5 5 4 4 5 6 6 3
856 9 5 5 4 4 5 6 6 3
857 9 6 5 4 4 4 7 6 3
858 9 5 5 4 4 4 6 6 3
859 9 6 5 4 4 5 6 6 3
860 9 9 5 4 4 5 6 6 3
861 9 0 6 4 4 4 7 7 3
862 9 5 5 4 4 5 8 8 3
863 9 5 5 4 4 4 6 5 3
864 9 5 5 4 4 4 6 5 3
865 9 9 5 4 4 4 7 6 3
866 9 9 5 4 4 5 8 7 3
867 9 5 5 4 4 4 6 6 3
868 9 0 5 4 4 5 8 8 3
869 9 5 5 4 3 5 7 6 3
870 9 9 5 4 4 5 6 6 3
871 9 5 5 4 4 4 5 5 3
872 9 5 5 4 4 4 6 6 3
873 9 5 5 4 4 5 8 8 3
874 9 5 5 4 4 5 6 5 3
875 9 9 5 4 4 4 9 8 3
876 9 6 5 4 4 5 9 7 3
877 9 5 7 4 4 5 7 5 3
878 9 4 5 4 4 4 7 6 3
879 9 5 5 4 4 4 7 5 3
880 9 9 5 4 4 5 7 7 3
881 9 5 5 4 4 5 7 6 3
882 9 9 5 4 4 4 7 6 3
883 9 4 5 4 4 5 7 7 3
884 9 5 5 4 4 4 7 6 3
885 9 7 5 4 4 4 7 6 3
886 9 5 5 4 4 4 7 7 3
887 9 5 5 4 4 4 6 6 3
888 9 9 5 4 4 5 9 7 3
889 9 5 5 4 4 4 6 6 3
890 9 6 5 4 4 5 6 6 3
891 9 5 5 4 4 4 6 6 3
892 9 5 5 4 4 4 7 6 3
893 9 5 5 4 4 5 7 6 3
894 9 5 5 4 4 5 6 6 3
895 9 5 5 4 4 4 6 6 3
896 9 4 5 4 4 4 7 7 3
897 9 6 5 4 4 5 6 6 3
898 9 5 5 4 4 5 6 5 3
899 9 5 5 4 4 5 6 5 3
900 9 5 5 4 4 5 6 5 3
901 9 5 5 4 4 4 7 5 3
902 9 5 5 4 4 5 6 6 3
903 9 6 5 4 4 5 6 6 3
904 9 5 5 4 4 5 5 5 3
905 9 7 5 4 4 5 7 6 3
906 9 5 5 4 4 5 6 5 3
907 9 5 5 4 4 5 7 6 3
908 9 5 5 4 4 4 5 5 3
909 9 5 5 4 4 4 6 5 3
910 9 5 5 4 4 4 8 5 3
911 9 5 5 4 4 5 6 5 3
912 9 5 5 4 4 4 6 6 3
913 9 5 5 4 4 4 7 7 3
914 9 5 5 4 4 5 6 5 3
915 9 6 5 4 4 5 6 6 3
916 9 5 5 4 4 4 6 5 3
917 9 5 5 4 4 5 8 7 3
918 9 5 5 4 4 5 6 5 3
919 9 5 5 4 4 5 7 7 3
920 9 6 5 4 4 4 6 6 3
921 9 5 5 4 4 4 7 6 3
922 9 5 5 4 4 4 7 6 3
923 9 4 5 4 4 4 8 8 3
924 9 9 5 4 4 5 7 7 3
925 9 5 5 4 4 4 7 5 3
926 9 5 7 4 4 4 6 6 3
927 9 5 5 4 4 4 6 5 3
928 9 5 5 4 4 4 7 7 3
929 9 7 5 4 4 4 7 7 3
930 9 9 5 4 4 4 8 7 3
931 9 5 5 4 4 5 7 7 3
932 9 8 5 4 4 4 7 7 3
933 9 5 5 4 4 5 6 5 3
934 9 5 5 4 4 4 6 6 3
935 9 5 5 4 4 5 6 5 3
936 9 5 5 4 4 5 7 7 3
937 9 7 5 4 1 5 7 7 3
938 9 5 7 4 4 5 7 7 3
939 9 5 5 4 4 5 6 6 3
940 9 5 5 4 4 4 7 5 3
941 9 9 9 4 4 5 6 6 3
942 9 4 5 4 4 4 7 6 3
943 9 6 5 4 4 5 6 5 3
944 9 5 5 4 4 4 7 7 3
945 9 0 5 4 4 5 6 6 3
946 9 5 9 4 4 4 6 5 3
947 9 5 5 4 4 5 8 8 3
948 9 5 5 4 4 5 6 5 3
949 9 5 5 4 4 5 7 6 3
950 9 6 5 4 4 5 7 6 3
951 9 6 5 4 4 4 6 6 3
952 9 9 5 4 4 4 7 7 3
953 9 5 5 4 4 5 7 7 3
954 9 0 5 4 4 5 7 7 3
955 9 5 5 4 4 5 9 8 3
956 9 5 5 4 4 4 8 5 3
957 9 5 5 4 4 4 6 6 3
958 9 5 7 4 4 5 8 6 3
959 9 5 6 4 4 5 6 5 3
960 9 5 6 4 3 5 6 5 3
961 9 5 5 4 4 4 7 6 3
962 9 4 5 4 4 5 6 6 3
963 9 6 6 4 4 4 7 6 3
964 9 5 5 4 4 5 7 6 3
965 9 5 5 4 4 5 6 5 3
966 9 0 5 4 4 4 9 7 3
967 9 5 5 4 4 4 7 7 3
968 9 6 5 4 4 5 6 6 3
969 9 6 5 4 4 5 7 6 3
970 9 6 5 4 4 4 7 6 3
971 9 5 5 4 4 5 7 5 3
972 9 5 5 4 4 5 5 5 3
973 9 5 5 4 4 4 6 6 3
974 9 5 5 4 4 4 5 5 3
975 9 5 5 4 4 4 5 5 3
976 9 5 5 4 4 4 5 5 3
977 9 5 5 4 4 4 6 6 3
978 9 5 5 4 4 4 5 5 3
979 9 4 5 4 4 4 7 7 3
980 9 6 5 4 4 5 6 6 3
981 9 5 5 4 4 4 6 5 3
982 9 5 7 4 4 5 6 6 3
983 9 5 5 4 4 5 6 6 3
984 9 5 5 4 4 4 6 6 3
985 9 9 6 4 4 4 7 7 3
986 9 5 5 4 4 4 6 6 3
987 9 5 5 4 4 4 6 6 3
988 9 5 5 4 4 4 6 5 3
989 9 6 5 4 4 4 6 6 3
990 9 9 5 4 4 4 6 6 3
991 9 9 9 4 4 4 9 8 3
992 9 5 5 4 4 4 6 6 3
993 9 5 5 4 4 4 6 5 3
994 9 0 5 4 4 5 6 6 3
995 9 5 5 4 4 5 5 5 3
996 9 5 5 4 4 5 7 6 3
997 9 0 5 4 4 4 7 7 3
998 9 5 5 4 4 5 5 5 3
999 9 6 5 4 4 5 7 6 3
1000 9 5 5 4 4 5 6 5 3
