1 9 3 3 3 3 3 3 3 3
2 9 3 3 3 3 3 7 7 3
3 9 3 3 3 3 3 6 4 3
4 9 3 4 3 3 3 5 5 3
5 9 3 3 3 1 3 5 5 3
6 9 3 3 3 1 3 4 3 3
7 9 9 3 3 3 3 7 4 3
8 9 3 3 3 1 3 5 4 3
9 9 0 3 3 3 3 6 5 3
10 9 3 3 3 3 3 4 3 3
11 9 3 3 3 3 3 7 5 3
12 9 0 3 3 1 3 6 6 3
13 9 3 3 3 3 3 6 3 3
14 9 3 3 3 1 3 6 4 3
15 9 3 3 3 3 3 7 4 3
16 9 3 3 3 1 3 5 3 3
17 9 3 3 3 1 3 5 3 3
18 9 3 3 3 3 3 6 4 3
19 9 3 3 3 3 3 5 3 3
20 9 3 3 3 1 3 5 4 3
21 9 3 3 3 1 3 4 4 3
22 9 3 3 3 3 3 6 5 3
23 9 3 3 3 3 3 5 5 3
24 9 5 3 3 1 3 5 5 3
25 9 3 3 3 3 3 6 4 3
26 9 0 3 3 1 3 6 6 3
27 9 3 4 3 3 3 6 3 3
28 9 3 3 3 3 3 5 5 3
29 9 3 3 3 3 3 5 5 3
30 9 3 3 3 1 3 6 4 3
31 9 0 3 3 1 3 6 6 3
32 9 3 3 3 1 3 6 5 3
33 9 3 3 3 1 3 4 3 3
34 9 6 3 3 3 3 6 4 3
35 9 0 3 3 1 3 6 5 3
36 9 0 3 3 1 3 6 6 3
37 9 4 3 3 3 3 4 4 3
38 9 3 3 3 3 3 4 4 3
39 9 4 3 3 1 3 4 4 3
40 9 3 3 3 1 3 5 3 3
41 9 3 3 3 3 3 7 5 3
42 9 3 3 3 3 3 7 6 3
43 9 4 3 3 1 3 5 4 3
44 9 3 3 3 3 3 5 4 3
45 9 3 3 3 1 3 5 3 3
46 9 3 3 3 1 3 4 4 3
47 9 3 3 3 3 3 7 7 3
48 9 3 3 3 3 3 5 4 3
49 9 3 3 3 1 3 6 3 3
50 9 5 3 3 1 3 5 5 3
51 9 3 3 3 1 3 4 4 3
52 9 3 3 3 3 3 5 3 3
53 9 3 3 3 1 3 5 4 3
54 9 3 3 3 1 3 4 3 3
55 9 0 3 3 3 3 4 4 3
56 9 3 3 3 3 3 5 4 3
57 9 3 3 3 1 3 5 5 3
58 9 3 3 3 3 3 5 4 3
59 9 3 3 3 1 3 5 5 3
60 9 3 3 3 3 3 4 3 3
61 9 4 9 3 3 3 7 5 3
62 9 3 3 3 3 3 6 6 3
63 9 3 3 3 1 3 5 4 3
64 9 5 3 3 3 3 5 5 3
65 9 0 3 3 3 3 5 5 3
66 9 3 3 3 3 3 4 3 3
67 9 3 3 3 3 3 6 5 3
68 9 4 3 3 3 3 4 4 3
69 9 3 3 3 3 3 6 5 3
70 9 3 3 3 3 3 4 3 3
71 9 3 3 3 3 3 5 4 3
72 9 3 3 3 1 3 5 5 3
73 9 3 3 3 1 3 7 5 3
74 9 3 3 3 1 3 5 4 3
75 9 3 3 3 1 3 6 5 3
76 9 3 3 3 1 3 5 5 3
77 9 5 3 3 1 3 5 5 3
78 9 3 3 3 1 3 4 3 3
79 9 3 3 3 3 3 5 5 3
80 9 3 3 3 1 3 4 4 3
81 9 4 3 3 1 3 5 5 3
82 9 3 3 3 1 3 5 5 3
83 9 3 3 3 3 3 3 3 3
84 9 3 3 3 1 3 5 4 3
85 9 3 3 3 1 3 6 6 3
86 9 3 3 3 3 3 5 5 3
87 9 3 3 3 1 3 4 3 3
88 9 5 3 3 3 3 5 5 3
89 9 3 3 3 3 3 5 4 3
90 9 3 3 3 1 3 3 3 3
91 9 3 3 3 3 3 6 4 3
92 9 3 3 3 3 3 4 3 3
93 9 3 3 3 1 3 5 4 3
94 9 3 3 3 3 3 5 3 3
95 9 3 3 3 1 3 6 6 3
96 9 3 3 3 1 3 4 3 3
97 9 3 3 3 1 3 4 4 3
98 9 3 3 3 3 3 6 5 3
99 9 3 3 3 1 3 5 3 3
100 9 0 3 3 3 3 5 5 3
101 9 3 3 3 3 3 6 4 3
102 9 3 3 3 3 3 6 3 3
103 9 4 3 3 3 3 7 4 3
104 9 3 3 3 3 3 5 3 3
105 9 0 3 3 3 3 4 4 3
106 9 3 3 3 3 3 5 4 3
107 9 3 4 3 3 3 4 4 3
108 9 0 3 3 1 3 6 4 3
109 9 3 3 3 3 3 6 3 3
110 9 3 3 3 3 3 6 5 3
111 9 8 3 3 1 3 7 6 3
112 9 3 3 3 3 3 4 4 3
113 9 3 3 3 3 3 6 4 3
114 9 4 3 3 3 3 7 4 3
115 9 3 3 3 1 3 5 5 3
116 9 3 3 3 3 3 6 4 3
117 9 3 3 3 3 3 4 3 3
118 9 3 3 3 3 3 5 5 3
119 9 3 3 3 3 3 5 4 3
120 9 4 3 3 1 3 7 4 3
121 9 4 3 3 3 3 4 4 3
122 9 0 3 3 3 3 5 4 3
123 9 0 3 3 1 3 6 5 3
124 9 3 3 3 1 3 5 4 3
125 9 3 3 3 3 3 4 3 3
126 9 3 3 3 1 3 5 3 3
127 9 0 3 3 1 3 6 5 3
128 9 4 3 3 1 3 5 4 3
129 9 3 3 3 3 3 5 4 3
130 9 3 3 3 3 3 3 3 3
131 9 3 3 3 3 3 5 4 3
132 9 3 3 3 3 3 7 3 3
133 9 3 3 3 3 3 5 4 3
134 9 3 3 3 3 3 5 5 3
135 9 3 3 3 3 3 6 4 3
136 9 3 3 3 3 3 4 3 3
137 9 3 3 3 1 3 5 4 3
138 9 3 4 3 1 3 6 5 3
139 9 3 3 3 1 3 5 5 3
140 9 4 3 3 1 3 4 4 3
141 9 3 3 3 3 3 5 3 3
142 9 3 3 3 1 3 4 3 3
143 9 3 3 3 1 3 7 6 3
144 9 4 3 3 3 3 5 4 3
145 9 3 3 3 1 3 6 6 3
146 9 0 3 3 3 3 5 5 3
147 9 0 3 3 3 3 5 5 3
148 9 3 3 3 1 3 4 4 3
149 9 3 3 3 1 3 5 4 3
150 9 3 3 3 1 3 4 3 3
151 9 3 3 3 3 3 5 4 3
152 9 3 3 3 3 3 5 4 3
153 9 3 3 3 3 3 4 4 3
154 9 3 3 3 3 3 6 5 3
155 9 3 3 3 1 3 7 5 3
156 9 3 3 3 3 3 6 5 3
157 9 3 3 3 1 3 5 3 3
158 9 3 3 3 3 3 6 5 3
159 9 3 3 3 1 3 4 3 3
160 9 3 3 3 3 3 3 3 3
161 9 3 3 3 3 3 5 5 3
162 9 3 3 3 3 3 6 6 3
163 9 3 3 3 1 3 4 4 3
164 9 3 3 3 1 3 4 3 3
165 9 3 3 3 3 3 4 4 3
166 9 3 3 3 1 3 3 3 3
167 9 3 3 3 3 3 6 4 3
168 9 0 3 3 3 3 6 5 3
169 9 4 3 3 3 3 7 4 3
170 9 7 3 3 3 3 4 4 3
171 9 3 3 3 1 3 4 3 3
172 9 3 3 3 3 3 5 4 3
173 9 3 3 3 3 3 5 4 3
174 9 3 3 3 3 3 5 4 3
175 9 3 3 3 1 3 4 3 3
176 9 3 3 3 1 3 5 5 3
177 9 4 3 3 1 3 7 7 3
178 9 3 3 3 3 3 4 4 3
179 9 3 3 3 3 3 4 4 3
180 9 3 3 3 3 3 5 3 3
181 9 3 3 3 3 3 5 5 3
182 9 0 3 3 1 3 5 5 3
183 9 0 3 3 3 3 5 5 3
184 9 3 3 3 1 3 5 3 3
185 9 0 3 3 1 3 4 4 3
186 9 3 3 3 1 3 5 5 3
187 9 3 3 3 1 3 4 4 3
188 9 3 3 3 3 3 5 4 3
189 9 4 3 3 1 3 7 5 3
190 9 3 3 3 3 3 5 5 3
191 9 3 3 3 1 3 4 3 3
192 9 4 3 3 1 3 5 4 3
193 9 3 3 3 1 3 4 3 3
194 9 3 3 3 1 3 5 4 3
195 9 3 3 3 1 3 5 3 3
196 9 3 3 3 1 3 6 4 3
197 9 3 3 3 1 3 7 5 3
198 9 3 3 3 3 3 6 4 3
199 9 3 3 3 1 3 5 4 3
200 9 3 4 3 3 3 5 4 3
201 9 3 3 3 3 3 5 4 3
202 9 0 3 3 3 3 6 4 3
203 9 3 3 3 1 3 6 5 3
204 9 3 3 3 3 3 6 3 3
205 9 3 3 3 3 3 6 6 3
206 9 3 3 3 3 3 5 5 3
207 9 3 3 3 3 3 7 3 3
208 9 3 3 3 1 3 4 3 3
209 9 4 3 3 3 3 4 4 3
210 9 3 3 3 3 3 9 6 3
211 9 3 3 3 3 3 5 5 3
212 9 3 3 3 1 3 5 5 3
213 9 3 3 3 1 3 8 6 3
214 9 3 3 3 3 3 5 5 3
215 9 3 3 3 1 3 4 4 3
216 9 3 3 3 1 3 5 5 3
217 9 3 3 3 1 3 6 4 3
218 9 3 3 3 3 3 4 3 3
219 9 3 3 3 1 3 5 5 3
220 9 3 3 3 1 3 7 5 3
221 9 3 3 3 1 3 6 6 3
222 9 3 3 3 3 3 4 3 3
223 9 3 3 3 3 3 6 5 3
224 9 0 3 3 3 3 6 5 3
225 9 3 9 3 3 3 4 3 3
226 9 3 3 3 1 3 4 4 3
227 9 3 3 3 1 3 4 3 3
228 9 3 3 3 3 3 5 5 3
229 9 0 3 3 3 3 4 4 3
230 9 3 4 3 3 3 4 3 3
231 9 3 3 3 1 3 5 3 3
232 9 3 3 3 3 3 4 3 3
233 9 3 3 3 3 3 6 4 3
234 9 5 3 3 1 3 5 5 3
235 9 3 3 3 1 3 9 7 3
236 9 9 3 3 1 3 4 4 3
237 9 3 3 3 1 3 5 5 3
238 9 3 3 3 3 3 5 4 3
239 9 3 3 3 3 3 5 4 3
240 9 3 3 3 1 3 4 3 3
241 9 3 3 3 3 3 4 3 3
242 9 0 3 3 3 3 5 5 3
243 9 3 3 3 3 3 5 5 3
244 9 3 3 3 1 3 4 4 3
245 9 3 3 3 3 3 6 4 3
246 9 3 3 3 1 3 5 3 3
247 9 3 3 3 3 3 4 3 3
248 9 3 3 3 3 3 5 3 3
249 9 3 3 3 1 3 5 4 3
250 9 0 3 3 3 3 6 5 3
251 9 3 3 3 3 3 4 3 3
252 9 3 3 3 1 3 6 4 3
253 9 3 3 3 3 3 4 3 3
254 9 3 3 3 3 3 6 3 3
255 9 3 3 3 3 3 4 3 3
256 9 3 3 3 1 3 5 4 3
257 9 3 3 3 3 3 5 4 3
258 9 3 3 3 1 3 5 4 3
259 9 3 3 3 3 3 8 6 3
260 9 3 3 3 3 3 5 3 3
261 9 3 3 3 3 3 4 3 3
262 9 3 3 3 3 3 6 3 3
263 9 3 3 3 3 3 5 4 3
264 9 3 3 3 3 3 6 3 3
265 9 3 3 3 3 3 5 4 3
266 9 3 3 3 3 3 4 4 3
267 9 3 3 3 1 3 5 4 3
268 9 0 3 3 1 3 7 7 3
269 9 0 3 3 1 3 6 5 3
270 9 3 3 3 3 3 6 4 3
271 9 3 3 3 1 3 5 3 3
272 9 3 3 3 1 3 4 3 3
273 9 3 3 3 3 3 6 6 3
274 9 4 3 3 3 3 6 4 3
275 9 3 3 3 1 3 6 4 3
276 9 3 3 3 3 3 6 4 3
277 9 3 3 3 3 3 5 4 3
278 9 3 3 3 3 3 4 4 3
279 9 3 3 3 1 3 7 4 3
280 9 3 3 3 3 3 4 3 3
281 9 3 3 3 3 3 4 4 3
282 9 3 3 3 3 3 4 4 3
283 9 3 3 3 3 3 5 3 3
284 9 3 3 3 1 3 5 3 3
285 9 3 3 3 3 3 6 5 3
286 9 3 3 3 3 3 4 4 3
287 9 3 3 3 1 3 5 5 3
288 9 3 3 3 3 3 6 6 3
289 9 3 5 3 3 3 7 7 3
290 9 3 3 3 3 3 4 3 3
291 9 3 3 3 1 3 4 4 3
292 9 3 3 3 3 3 3 3 3
293 9 3 3 3 1 3 5 5 3
294 9 3 3 3 3 3 5 4 3
295 9 3 3 3 3 3 6 4 3
296 9 3 4 3 3 3 4 4 3
297 9 3 3 3 1 3 4 3 3
298 9 3 3 3 3 3 4 4 3
299 9 3 3 3 3 3 5 3 3
300 9 3 3 3 1 3 4 4 3
301 9 4 3 3 1 3 5 4 3
302 9 3 3 3 3 3 4 4 3
303 9 3 3 3 1 3 7 4 3
304 9 9 3 3 3 3 7 5 3
305 9 3 3 3 3 3 4 3 3
306 9 3 3 3 3 3 3 3 3
307 9 3 3 3 3 3 6 3 3
308 9 5 3 3 1 3 5 3 3
309 9 1 3 3 3 3 7 4 3
310 9 3 3 3 3 3 5 4 3
311 9 0 3 3 1 3 6 4 3
312 9 3 3 3 1 3 5 4 3
313 9 3 3 3 3 3 4 3 3
314 9 3 3 3 1 3 5 5 3
315 9 3 3 3 3 3 8 5 3
316 9 3 3 3 3 3 4 3 3
317 9 3 3 3 3 3 5 3 3
318 9 3 3 3 3 3 4 4 3
319 9 3 3 3 1 3 5 4 3
320 9 3 3 3 3 3 3 3 3
321 9 3 3 3 1 3 7 3 3
322 9 3 3 3 3 3 5 3 3
323 9 3 5 3 3 3 5 4 3
324 9 3 3 3 1 3 5 4 3
325 9 3 3 3 3 3 7 4 3
326 9 3 3 3 3 3 6 4 3
327 9 3 3 3 3 3 4 3 3
328 9 3 3 3 1 3 4 4 3
329 9 3 3 3 1 3 5 5 3
330 9 0 3 3 3 3 5 4 3
331 9 4 3 3 3 3 7 6 3
332 9 3 3 3 3 3 3 3 3
333 9 3 3 3 3 3 4 3 3
334 9 4 3 3 1 3 6 4 3
335 9 3 3 3 1 3 4 3 3
336 9 4 3 3 3 3 5 4 3
337 9 3 3 3 1 3 5 5 3
338 9 4 3 3 3 3 5 4 3
339 9 3 3 3 3 3 5 4 3
340 9 3 3 3 3 3 4 4 3
341 9 3 3 3 1 3 4 4 3
342 9 3 3 3 1 3 5 5 3
343 9 0 3 3 1 3 5 4 3
344 9 3 3 3 3 3 4 3 3
345 9 3 3 3 3 3 7 4 3
346 9 0 3 3 3 3 5 4 3
347 9 3 3 3 3 3 7 5 3
348 9 3 4 3 3 3 5 4 3
349 9 3 4 3 3 3 5 3 3
350 9 0 3 3 1 3 7 4 3
351 9 6 3 3 1 3 6 5 3
352 9 0 3 3 3 3 5 4 3
353 9 5 3 3 3 3 5 5 3
354 9 3 3 3 3 3 5 5 3
355 9 4 3 3 3 3 4 4 3
356 9 0 3 3 3 3 6 4 3
357 9 3 3 3 3 3 6 5 3
358 9 3 3 3 3 3 6 6 3
359 9 6 3 3 1 3 6 6 3
360 9 4 3 3 1 3 6 6 3
361 9 3 3 3 3 3 6 5 3
362 9 3 3 3 3 3 4 3 3
363 9 3 3 3 3 3 5 4 3
364 9 3 3 3 1 3 4 4 3
365 9 4 3 3 1 3 6 4 3
366 9 3 3 3 3 3 7 3 3
367 9 0 3 3 1 3 4 4 3
368 9 3 3 3 1 3 6 4 3
369 9 3 3 3 1 3 4 3 3
370 9 3 3 3 1 3 4 4 3
371 9 3 3 3 3 3 6 6 3
372 9 0 3 3 3 3 4 4 3
373 9 3 3 3 3 3 5 5 3
374 9 3 3 3 1 3 4 3 3
375 9 4 3 3 1 3 5 4 3
376 9 3 3 3 3 3 8 4 3
377 9 0 3 3 1 3 6 5 3
378 9 0 3 3 3 3 6 5 3
379 9 3 3 3 3 3 4 3 3
380 9 3 3 3 3 3 5 3 3
381 9 0 3 3 1 3 4 4 3
382 9 3 4 3 1 3 5 5 3
383 9 3 3 3 1 3 4 3 3
384 9 3 3 3 3 3 5 4 3
385 9 0 4 3 3 3 6 6 3
386 9 3 3 3 3 3 5 5 3
387 9 5 3 3 1 3 5 4 3
388 9 3 3 3 1 3 6 3 3
389 9 3 3 3 1 3 6 4 3
390 9 3 3 3 1 3 3 3 3
391 9 4 3 3 3 3 5 5 3
392 9 3 3 3 3 3 6 4 3
393 9 3 3 3 1 3 8 4 3
394 9 0 3 3 1 3 8 5 3
395 9 9 3 3 3 3 5 4 3
396 9 3 3 3 3 3 7 6 3
397 9 3 3 3 1 3 6 4 3
398 9 3 3 3 1 3 6 5 3
399 9 0 3 3 3 3 5 5 3
400 9 3 3 3 1 3 5 4 3
401 9 3 3 3 3 3 5 4 3
402 9 3 3 3 3 3 5 4 3
403 9 3 3 3 3 3 4 4 3
404 9 3 3 3 1 3 5 4 3
405 9 4 3 3 1 3 4 4 3
406 9 3 3 3 1 3 5 4 3
407 9 3 3 3 3 3 5 5 3
408 9 3 3 3 1 3 4 3 3
409 9 3 4 3 3 3 6 6 3
410 9 3 3 3 1 3 7 5 3
411 9 3 3 3 1 3 5 4 3
412 9 3 3 3 3 3 7 7 3
413 9 3 3 3 3 3 6 6 3
414 9 0 3 3 3 3 5 5 3
415 9 3 3 3 1 3 4 3 3
416 9 3 3 3 3 3 5 4 3
417 9 4 3 3 1 3 4 4 3
418 9 3 3 3 3 3 5 4 3
419 9 4 3 3 3 3 4 4 3
420 9 3 3 3 1 3 4 4 3
421 9 3 3 3 3 3 4 4 3
422 9 3 3 3 3 3 7 6 3
423 9 3 3 3 1 3 5 4 3
424 9 5 3 3 1 3 4 4 3
425 9 3 3 3 3 3 4 4 3
426 9 3 3 3 3 3 5 5 3
427 9 3 3 3 3 3 5 4 3
428 9 3 3 3 3 3 6 5 3
429 9 0 3 3 1 3 7 4 3
430 9 3 3 3 1 3 6 5 3
431 9 0 3 3 3 3 5 4 3
432 9 3 5 3 3 3 5 3 3
433 9 3 3 3 3 3 6 4 3
434 9 3 3 3 1 3 4 4 3
435 9 3 3 3 1 3 5 3 3
436 9 3 3 3 1 3 6 4 3
437 9 3 3 3 3 3 4 4 3
438 9 3 3 3 3 3 4 3 3
439 9 0 3 3 1 3 6 4 3
440 9 3 3 3 1 3 4 4 3
441 9 3 3 3 1 3 4 3 3
442 9 3 3 3 3 3 4 3 3
443 9 3 3 3 3 3 5 4 3
444 9 3 3 3 3 3 6 3 3
445 9 3 3 3 3 3 5 3 3
446 9 0 3 3 3 3 7 7 3
447 9 3 3 3 1 3 4 4 3
448 9 3 3 3 1 3 6 6 3
449 9 3 3 3 3 3 5 3 3
450 9 3 3 3 1 3 5 4 3
451 9 3 3 3 3 3 4 4 3
452 9 3 4 3 3 3 5 5 3
453 9 3 3 3 1 3 5 4 3
454 9 3 3 3 3 3 5 5 3
455 9 3 3 3 1 3 6 5 3
456 9 5 3 3 3 3 5 5 3
457 9 3 3 3 1 3 6 5 3
458 9 3 3 3 3 3 7 5 3
459 9 0 3 3 3 3 5 5 3
460 9 3 3 3 3 3 7 4 3
461 9 3 3 3 3 3 5 5 3
462 9 3 3 3 3 3 4 4 3
463 9 3 3 3 3 3 3 3 3
464 9 3 3 3 1 3 6 3 3
465 9 3 3 3 3 3 4 3 3
466 9 3 3 3 1 3 6 6 3
467 9 3 3 3 3 3 5 4 3
468 9 0 3 3 1 3 7 5 3
469 9 3 3 3 3 3 4 3 3
470 9 3 4 3 3 3 4 3 3
471 9 3 3 3 3 3 4 4 3
472 9 4 3 3 1 3 6 6 3
473 9 3 3 3 3 3 4 4 3
474 9 3 3 3 3 3 5 5 3
475 9 3 3 3 3 3 4 4 3
476 9 3 3 3 3 3 4 4 3
477 9 3 3 3 1 3 4 3 3
478 9 3 3 3 3 3 6 5 3
479 9 3 3 3 3 3 4 3 3
480 9 3 3 3 3 3 6 5 3
481 9 3 3 3 3 3 5 3 3
482 9 3 3 3 3 3 4 4 3
483 9 3 3 3 1 3 4 3 3
484 9 3 3 3 1 3 6 3 3
485 9 3 3 3 1 3 7 6 3
486 9 3 3 3 1 3 3 3 3
487 9 3 3 3 3 3 4 3 3
488 9 3 3 3 1 3 4 4 3
489 9 3 3 3 3 3 5 5 3
490 9 3 3 3 3 3 5 4 3
491 9 3 3 3 3 3 4 4 3
492 9 3 3 3 3 3 4 4 3
493 9 3 3 3 3 3 4 3 3
494 9 3 3 3 1 3 3 3 3
495 9 3 3 3 1 3 4 3 3
496 9 3 3 3 1 3 4 4 3
497 9 3 3 3 3 3 6 4 3
498 9 3 3 3 3 3 4 3 3
499 9 3 3 3 3 3 5 4 3
500 9 3 3 3 1 3 5 3 3
501 9 3 3 3 1 3 4 3 3
502 9 3 3 3 3 3 4 3 3
503 9 3 3 3 1 3 5 4 3
504 9 3 3 3 1 3 5 5 3
505 9 4 3 3 3 3 5 4 3
506 9 3 3 3 3 3 5 3 3
507 9 3 3 3 1 3 6 5 3
508 9 3 3 3 3 3 6 4 3
509 9 4 3 3 3 3 5 4 3
510 9 5 3 3 1 3 6 5 3
511 9 3 3 3 1 3 6 5 3
512 9 3 3 3 1 3 6 6 3
513 9 4 3 3 3 3 5 5 3
514 9 3 3 3 3 3 7 3 3
515 9 3 3 3 3 3 6 4 3
516 9 3 3 3 1 3 4 3 3
517 9 3 3 3 3 3 5 3 3
518 9 3 3 3 3 3 5 4 3
519 9 3 3 3 3 3 5 4 3
520 9 3 3 3 3 3 5 5 3
521 9 3 3 3 1 3 5 3 3
522 9 3 3 3 3 3 5 4 3
523 9 3 3 3 3 3 4 4 3
524 9 3 3 3 3 3 5 4 3
525 9 3 3 3 1 3 5 5 3
526 9 3 3 3 3 3 4 4 3
527 9 3 3 3 1 3 5 5 3
528 9 3 3 3 3 3 3 3 3
529 9 3 3 3 3 3 5 3 3
530 9 3 3 3 1 3 5 5 3
531 9 3 3 3 3 3 3 3 3
532 9 3 3 3 3 3 5 4 3
533 9 5 3 3 3 3 5 4 3
534 9 3 3 3 3 3 5 4 3
535 9 3 3 3 3 3 5 5 3
536 9 4 3 3 3 3 6 4 3
537 9 3 3 3 3 3 6 5 3
538 9 3 3 3 1 3 6 6 3
539 9 3 3 3 3 3 4 4 3
540 9 0 3 3 3 3 6 5 3
541 9 3 3 3 1 3 7 4 3
542 9 3 3 3 3 3 4 3 3
543 9 3 3 3 1 3 5 4 3
544 9 3 3 3 1 3 5 3 3
545 9 3 3 3 3 3 6 6 3
546 9 3 3 3 1 3 5 3 3
547 9 3 3 3 1 3 5 5 3
548 9 3 3 3 1 3 5 4 3
549 9 3 3 3 1 3 5 4 3
550 9 3 3 3 3 3 3 3 3
551 9 3 3 3 1 3 3 3 3
552 9 3 3 3 1 3 3 3 3
553 9 3 3 3 1 3 4 3 3
554 9 3 3 3 1 3 6 6 3
555 9 3 3 3 1 3 6 3 3
556 9 3 3 3 3 3 6 3 3
557 9 3 3 3 1 3 6 4 3
558 9 3 3 3 1 3 5 3 3
559 9 4 3 3 1 3 4 4 3
560 9 3 3 3 1 3 4 3 3
561 9 3 3 3 3 3 5 3 3
562 9 3 3 3 3 3 5 5 3
563 9 3 3 3 1 3 7 5 3
564 9 0 3 3 3 3 5 5 3
565 9 3 3 3 3 3 6 6 3
566 9 5 3 3 1 3 5 5 3
567 9 9 3 3 1 3 5 4 3
568 9 0 3 3 3 3 6 6 3
569 9 0 3 3 1 3 6 6 3
570 9 3 3 3 1 3 6 4 3
571 9 0 3 3 1 3 5 3 3
572 9 6 3 3 3 3 6 4 3
573 9 0 3 3 1 3 5 4 3
574 9 3 3 3 1 3 5 5 3
575 9 3 3 3 1 3 7 3 3
576 9 3 3 3 3 3 7 3 3
577 9 3 3 3 3 3 6 5 3
578 9 3 3 3 3 3 6 4 3
579 9 3 3 3 1 3 6 3 3
580 9 3 3 3 3 3 4 3 3
581 9 3 3 3 3 3 5 4 3
582 9 4 3 3 1 3 5 4 3
583 9 3 3 3 3 3 4 3 3
584 9 3 3 3 3 3 4 3 3
585 9 3 3 3 3 3 3 3 3
586 9 0 3 3 3 3 6 5 3
587 9 3 3 3 3 3 5 5 3
588 9 3 3 3 1 3 5 4 3
589 9 3 3 3 1 3 4 4 3
590 9 3 3 3 3 3 4 3 3
591 9 3 3 3 3 3 4 4 3
592 9 3 3 3 1 3 4 3 3
593 9 3 3 3 1 3 4 3 3
594 9 3 3 3 1 3 4 3 3
595 9 0 3 3 1 3 6 5 3
596 9 3 3 3 1 3 6 4 3
597 9 3 3 3 1 3 6 3 3
598 9 0 3 3 3 3 6 6 3
599 9 3 3 3 1 3 4 3 3
600 9 3 3 3 3 3 5 5 3
601 9 3 3 3 3 3 6 4 3
602 9 4 3 3 3 3 5 4 3
603 9 5 3 3 1 3 5 5 3
604 9 3 3 3 3 3 5 5 3
605 9 3 3 3 3 3 5 3 3
606 9 3 3 3 1 3 4 3 3
607 9 4 3 3 3 3 4 4 3
608 9 3 3 3 1 3 3 3 3
609 9 3 3 3 1 3 3 3 3
610 9 3 3 3 3 3 5 3 3
611 9 3 3 3 1 3 4 3 3
612 9 0 3 3 3 3 6 6 3
613 9 3 3 3 1 3 5 4 3
614 9 4 3 3 1 3 5 4 3
615 9 3 3 3 3 3 4 3 3
616 9 3 3 3 3 3 6 3 3
617 9 3 3 3 3 3 6 6 3
618 9 3 3 3 3 3 5 4 3
619 9 9 3 3 1 3 6 4 3
620 9 0 3 3 1 3 6 6 3
621 9 3 3 3 3 3 5 3 3
622 9 3 3 3 1 3 6 5 3
623 9 3 3 3 1 3 4 4 3
624 9 3 3 3 1 3 5 3 3
625 9 3 3 3 3 3 5 5 3
626 9 3 3 3 3 3 6 4 3
627 9 3 3 3 3 3 4 3 3
628 9 3 3 3 1 3 4 3 3
629 9 3 3 3 3 3 5 3 3
630 9 3 3 3 1 3 5 3 3
631 9 3 3 3 3 3 6 4 3
632 9 3 3 3 1 3 4 3 3
633 9 3 3 3 1 3 5 4 3
634 9 3 3 3 1 3 6 4 3
635 9 3 3 3 1 3 4 4 3
636 9 0 3 3 1 3 6 5 3
637 9 3 3 3 1 3 5 4 3
638 9 0 3 3 3 3 5 4 3
639 9 0 3 3 3 3 7 4 3
640 9 3 3 3 1 3 4 4 3
641 9 3 3 3 3 3 6 6 3
642 9 3 3 3 3 3 6 5 3
643 9 4 3 3 3 3 5 4 3
644 9 3 3 3 1 3 5 4 3
645 9 3 3 3 1 3 4 4 3
646 9 3 3 3 3 3 5 5 3
647 9 3 3 3 3 3 6 5 3
648 9 4 3 3 1 3 6 4 3
649 9 3 3 3 3 3 5 4 3
650 9 3 3 3 3 3 5 4 3
651 9 0 3 3 3 3 6 5 3
652 9 3 3 3 1 3 7 3 3
653 9 4 3 3 3 3 4 4 3
654 9 3 3 3 3 3 6 3 3
655 9 4 3 3 3 3 6 4 3
656 9 3 3 3 1 3 5 4 3
657 9 3 3 3 3 3 6 4 3
658 9 3 3 3 3 3 5 5 3
659 9 3 3 3 3 3 5 3 3
660 9 3 3 3 1 3 5 4 3
661 9 3 4 3 3 3 6 6 3
662 9 3 3 3 3 3 6 3 3
663 9 3 3 3 1 3 5 3 3
664 9 0 3 3 3 3 6 6 3
665 9 3 3 3 1 3 4 4 3
666 9 3 3 3 1 3 6 4 3
667 9 3 3 3 3 3 8 3 3
668 9 3 3 3 1 3 6 3 3
669 9 3 3 3 3 3 5 4 3
670 9 3 3 3 3 3 6 5 3
671 9 3 3 3 1 3 4 3 3
672 9 3 3 3 3 3 5 3 3
673 9 3 3 3 1 3 5 5 3
674 9 3 3 3 3 3 4 3 3
675 9 3 3 3 3 3 6 6 3
676 9 4 3 3 3 3 5 4 3
677 9 3 3 3 1 3 4 4 3
678 9 3 3 3 1 3 5 5 3
679 9 3 4 3 3 3 5 5 3
680 9 3 3 3 3 3 5 4 3
681 9 3 3 3 1 3 6 5 3
682 9 3 3 3 1 3 5 4 3
683 9 3 3 3 3 3 7 7 3
684 9 3 3 3 3 3 6 3 3
685 9 4 3 3 3 3 4 4 3
686 9 3 3 3 3 3 6 4 3
687 9 0 3 3 1 3 5 4 3
688 9 3 3 3 3 3 4 3 3
689 9 3 3 3 3 3 5 4 3
690 9 0 3 3 3 3 4 4 3
691 9 0 3 3 3 3 7 4 3
692 9 3 3 3 1 3 7 4 3
693 9 6 3 3 1 3 5 4 3
694 9 3 3 3 1 3 6 4 3
695 9 3 3 3 3 3 6 4 3
696 9 3 3 3 1 3 6 4 3
697 9 3 3 3 3 3 6 3 3
698 9 5 3 3 1 3 6 5 3
699 9 9 3 3 3 3 5 4 3
700 9 3 3 3 1 3 5 3 3
701 9 3 3 3 3 3 5 5 3
702 9 3 3 3 1 3 4 4 3
703 9 4 7 3 3 3 5 5 3
704 9 3 3 3 1 3 5 5 3
705 9 3 3 3 1 3 5 5 3
706 9 3 3 3 1 3 4 3 3
707 9 3 3 3 1 3 4 3 3
708 9 4 3 3 1 3 5 4 3
709 9 3 3 3 1 3 4 3 3
710 9 3 3 3 3 3 4 3 3
711 9 3 3 3 1 3 5 4 3
712 9 3 3 3 1 3 4 3 3
713 9 3 3 3 3 3 5 5 3
714 9 0 3 3 1 3 6 6 3
715 9 3 3 3 1 3 6 3 3
716 9 3 3 3 3 3 6 6 3
717 9 3 3 3 1 3 5 5 3
718 9 3 3 3 3 3 5 4 3
719 9 3 3 3 3 3 5 4 3
720 9 3 3 3 3 3 5 5 3
721 9 3 3 3 1 3 6 3 3
722 9 3 3 3 3 3 7 4 3
723 9 0 3 3 1 3 6 4 3
724 9 3 3 3 3 3 4 3 3
725 9 4 3 3 1 3 6 4 3
726 9 3 3 3 1 3 7 7 3
727 9 0 3 3 3 3 6 4 3
728 9 9 3 3 3 3 6 4 3
729 9 3 3 3 3 3 5 5 3
730 9 3 3 3 3 3 4 3 3
731 9 3 3 3 3 3 6 4 3
732 9 3 3 3 1 3 4 3 3
733 9 9 3 3 1 3 6 4 3
734 9 3 3 3 3 3 5 3 3
735 9 3 3 3 1 3 4 3 3
736 9 3 3 3 3 3 5 4 3
737 9 3 3 3 1 3 5 3 3
738 9 0 3 3 1 3 6 6 3
739 9 3 3 3 3 3 7 4 3
740 9 5 3 3 1 3 5 5 3
741 9 4 3 3 3 3 4 4 3
742 9 3 3 3 3 3 6 4 3
743 9 3 3 3 3 3 5 5 3
744 9 4 3 3 3 3 4 4 3
745 9 0 3 3 1 3 6 4 3
746 9 4 3 3 1 3 4 4 3
747 9 3 3 3 1 3 4 4 3
748 9 3 3 3 3 3 7 6 3
749 9 5 3 3 1 3 6 5 3
750 9 3 3 3 1 3 4 3 3
751 9 3 3 3 3 3 5 4 3
752 9 4 3 3 1 3 5 5 3
753 9 4 3 3 3 3 5 5 3
754 9 3 3 3 3 3 4 4 3
755 9 3 3 3 3 3 5 3 3
756 9 3 3 3 1 3 4 4 3
757 9 3 3 3 3 3 5 3 3
758 9 3 3 3 1 3 4 4 3
759 9 3 3 3 3 3 5 4 3
760 9 3 3 3 3 3 5 4 3
761 9 3 3 3 1 3 5 4 3
762 9 4 3 3 1 3 4 4 3
763 9 3 3 3 3 3 6 5 3
764 9 3 3 3 1 3 5 5 3
765 9 3 3 3 1 3 5 4 3
766 9 9 3 3 3 3 6 5 3
767 9 3 3 3 3 3 4 4 3
768 9 3 3 3 3 3 6 4 3
769 9 3 3 3 1 3 6 5 3
770 9 0 3 3 3 3 6 6 3
771 9 4 3 3 1 3 5 4 3
772 9 3 3 3 3 3 3 3 3
773 9 3 3 3 1 3 4 4 3
774 9 3 3 3 3 3 5 4 3
775 9 3 3 3 3 3 3 3 3
776 9 3 3 3 1 3 6 5 3
777 9 4 3 3 3 3 6 4 3
778 9 3 3 3 1 3 5 4 3
779 9 3 3 3 3 3 5 5 3
780 9 3 3 3 3 3 6 4 3
781 9 3 3 3 1 3 6 3 3
782 9 3 3 3 1 3 3 3 3
783 9 3 3 3 1 3 4 3 3
784 9 3 3 3 3 3 5 5 3
785 9 3 3 3 3 3 5 4 3
786 9 3 3 3 3 3 5 4 3
787 9 3 3 3 3 3 5 4 3
788 9 3 3 3 3 3 6 4 3
789 9 3 3 3 3 3 6 5 3
790 9 4 3 3 1 3 4 4 3
791 9 3 3 3 1 3 4 3 3
792 9 3 3 3 1 3 5 5 3
793 9 3 3 3 3 3 5 4 3
794 9 3 3 3 1 3 5 5 3
795 9 4 3 3 3 3 4 4 3
796 9 4 3 3 3 3 4 4 3
797 9 3 3 3 1 3 5 3 3
798 9 0 3 3 3 3 4 4 3
799 9 3 3 3 1 3 4 3 3
800 9 3 3 3 3 3 5 5 3
801 9 4 3 3 1 3 4 4 3
802 9 3 3 3 1 3 6 4 3
803 9 3 3 3 1 3 5 4 3
804 9 3 3 3 3 3 5 4 3
805 9 3 3 3 3 3 5 3 3
806 9 3 3 3 1 3 5 3 3
807 9 0 4 3 3 3 7 4 3
808 9 3 3 3 1 3 6 3 3
809 9 3 3 3 1 3 4 3 3
810 9 3 3 3 3 3 4 3 3
811 9 3 3 3 3 3 6 4 3
812 9 3 3 3 3 3 5 4 3
813 9 3 3 3 3 3 5 3 3
814 9 9 3 3 3 3 4 4 3
815 9 3 3 3 1 3 6 4 3
816 9 3 3 3 3 3 4 3 3
817 9 4 3 3 1 3 9 4 3
818 9 3 3 3 1 3 4 3 3
819 9 3 3 3 2 3 6 4 3
820 9 3 3 3 3 3 5 4 3
821 9 0 3 3 3 3 5 4 3
822 9 3 3 3 1 3 4 4 3
823 9 3 3 3 3 3 5 5 3
824 9 3 3 3 1 3 6 3 3
825 9 3 3 3 1 3 6 6 3
826 9 3 3 3 1 3 6 6 3
827 9 3 3 3 1 3 7 4 3
828 9 3 9 3 3 3 5 5 3
829 9 3 3 3 3 3 6 3 3
830 9 3 3 3 3 3 5 5 3
831 9 4 3 3 3 3 4 4 3
832 9 3 3 3 3 3 5 5 3
833 9 3 3 3 3 3 7 7 3
834 9 3 4 3 3 3 3 3 3
835 9 3 3 3 3 3 5 4 3
836 9 3 3 3 3 3 3 3 3
837 9 3 3 3 3 3 6 6 3
838 9 3 3 3 3 3 6 5 3
839 9 3 3 3 1 3 5 5 3
840 9 9 3 3 3 3 6 5 3
841 9 3 3 3 1 3 5 4 3
842 9 3 3 3 1 3 5 4 3
843 9 3 3 3 3 3 4 3 3
844 9 3 3 3 3 3 4 3 3
845 9 3 3 3 3 3 7 4 3
846 9 3 3 3 3 3 4 3 3
847 9 3 5 3 1 3 4 4 3
848 9 3 3 3 1 3 5 3 3
849 9 6 3 3 3 3 6 4 3
850 9 3 3 3 3 3 4 3 3
851 9 3 3 3 3 3 4 4 3
852 9 4 3 3 1 3 4 4 3
853 9 3 3 3 3 3 5 5 3
854 9 3 3 3 1 3 4 4 3
855 9 0 3 3 3 3 6 4 3
856 9 3 3 3 1 3 5 3 3
857 9 3 3 3 1 3 4 3 3
858 9 3 3 3 1 3 5 4 3
859 9 3 3 3 3 3 6 4 3
860 9 0 3 3 1 3 6 6 3
861 9 3 3 3 3 3 5 4 3
862 9 3 3 3 3 3 5 4 3
863 9 4 3 3 1 3 4 4 3
864 9 0 3 3 1 3 5 5 3
865 9 3 3 3 3 3 5 5 3
866 9 3 3 3 1 3 7 5 3
867 9 3 3 3 1 3 6 3 3
868 9 3 3 3 1 3 6 6 3
869 9 3 3 3 1 3 5 4 3
870 9 3 3 3 1 3 6 3 3
871 9 3 3 3 3 3 5 5 3
872 9 3 3 3 1 3 5 3 3
873 9 3 4 3 3 3 4 4 3
874 9 3 3 3 1 3 6 4 3
875 9 3 3 3 1 3 4 3 3
876 9 3 3 3 1 3 5 4 3
877 9 3 3 3 1 3 7 6 3
878 9 3 3 3 1 3 3 3 3
879 9 3 3 3 3 3 5 4 3
880 9 0 3 3 1 3 5 5 3
881 9 5 3 3 3 3 5 4 3
882 9 3 3 3 3 3 5 4 3
883 9 3 3 3 3 3 5 3 3
884 9 3 3 3 3 3 7 4 3
885 9 3 3 3 1 3 4 4 3
886 9 5 3 3 1 3 4 4 3
887 9 3 3 3 1 3 5 4 3
888 9 3 3 3 1 3 4 3 3
889 9 3 3 3 3 3 7 6 3
890 9 3 3 3 3 3 5 4 3
891 9 3 3 3 1 3 4 3 3
892 9 3 3 3 3 3 6 4 3
893 9 3 3 3 3 3 5 3 3
894 9 3 3 3 3 3 4 3 3
895 9 3 3 3 3 3 5 4 3
896 9 3 3 3 3 3 6 5 3
897 9 3 3 3 1 3 5 5 3
898 9 3 3 3 3 3 6 4 3
899 9 3 3 3 1 3 5 3 3
900 9 3 3 3 1 3 6 4 3
901 9 3 3 3 3 3 3 3 3
902 9 3 3 3 1 3 4 3 3
903 9 3 3 3 3 3 6 3 3
904 9 3 3 3 1 3 5 4 3
905 9 0 3 3 3 3 6 4 3
906 9 3 3 3 3 3 6 6 3
907 9 3 3 3 3 3 5 4 3
908 9 4 3 3 1 3 7 4 3
909 9 3 3 3 3 3 5 5 3
910 9 3 3 3 1 3 7 3 3
911 9 3 3 3 1 3 6 5 3
912 9 3 3 3 3 3 5 4 3
913 9 3 3 3 3 3 3 3 3
914 9 3 3 3 3 3 4 3 3
915 9 0 3 3 3 3 6 6 3
916 9 3 3 3 3 3 5 4 3
917 9 3 3 3 3 3 6 6 3
918 9 3 3 3 3 3 5 3 3
919 9 3 3 3 1 3 4 3 3
920 9 3 3 3 3 3 4 4 3
921 9 3 3 3 1 3 5 5 3
922 9 3 3 3 1 3 6 5 3
923 9 3 3 3 3 3 5 4 3
924 9 3 3 3 3 3 4 3 3
925 9 0 3 3 3 3 6 6 3
926 9 3 3 3 1 3 6 5 3
927 9 3 3 3 1 3 6 6 3
928 9 3 3 3 1 3 4 4 3
929 9 4 3 3 3 3 4 4 3
930 9 3 3 3 1 3 5 5 3
931 9 3 3 3 3 3 6 4 3
932 9 3 3 3 1 3 5 3 3
933 9 7 3 3 3 3 5 5 3
934 9 4 3 3 3 3 6 5 3
935 9 3 3 3 1 3 6 6 3
936 9 3 3 3 3 3 6 6 3
937 9 3 3 3 3 3 5 3 3
938 9 3 3 3 1 3 4 4 3
939 9 3 3 3 1 3 5 4 3
940 9 3 3 3 1 3 5 5 3
941 9 3 3 3 1 3 6 4 3
942 9 4 3 3 1 3 6 5 3
943 9 5 3 3 3 3 5 4 3
944 9 5 3 3 3 3 5 5 3
945 9 3 3 3 3 3 7 6 3
946 9 3 3 3 1 3 4 4 3
947 9 3 3 3 3 3 8 5 3
948 9 3 4 3 3 3 5 3 3
949 9 3 3 3 3 3 4 4 3
950 9 3 3 3 3 3 5 3 3
951 9 3 3 3 1 3 7 5 3
952 9 3 3 3 3 3 5 4 3
953 9 3 3 3 3 3 4 4 3
954 9 3 3 3 3 3 5 4 3
955 9 3 3 3 2 3 6 6 3
956 9 3 3 3 3 3 5 5 3
957 9 3 3 3 3 3 5 3 3
958 9 3 3 3 1 3 4 3 3
959 9 4 3 3 3 3 5 4 3
960 9 3 3 3 1 3 5 3 3
961 9 3 3 3 3 3 4 4 3
962 9 3 3 3 1 3 6 4 3
963 9 3 3 3 3 3 5 4 3
964 9 3 3 3 1 3 5 5 3
965 9 3 3 3 3 3 5 3 3
966 9 7 3 3 3 3 5 4 3
967 9 4 3 3 3 3 4 4 3
968 9 3 3 3 3 3 4 4 3
969 9 4 3 3 3 3 4 4 3
970 9 3 3 3 1 3 6 3 3
971 9 3 3 3 1 3 3 3 3
972 9 3 3 3 3 3 4 4 3
973 9 3 3 3 3 3 6 5 3
974 9 3 3 3 1 3 4 3 3
975 9 3 3 3 1 3 3 3 3
976 9 3 3 3 1 3 5 4 3
977 9 3 3 3 1 3 4 3 3
978 9 3 3 3 1 3 5 4 3
979 9 3 3 3 3 3 5 4 3
980 9 3 3 3 1 3 5 5 3
981 9 0 3 3 3 3 5 5 3
982 9 3 3 3 3 3 5 5 3
983 9 3 3 3 3 3 4 4 3
984 9 3 3 3 3 3 4 4 3
985 9 3 3 3 3 3 4 3 3
986 9 3 3 3 3 3 7 4 3
987 9 3 3 3 1 3 5 4 3
988 9 3 3 3 1 3 4 4 3
989 9 3 3 3 3 3 5 3 3
990 9 3 3 3 3 3 4 3 3
991 9 3 3 3 1 3 5 4 3
992 9 3 3 3 1 3 6 6 3
993 9 3 3 3 3 3 6 4 3
994 9 3 3 3 1 3 7 6 3
995 9 3 3 3 1 3 5 5 3
996 9 3 3 3 1 3 5 3 3
997 9 3 3 3 3 3 5 4 3
998 9 4 3 3 3 3 6 4 3
999 9 3 3 3 3 3 4 4 3
1000 9 3 3 3 3 3 4 3 3
