1 9 5 5 4 4 4 5 5 3
2 9 4 6 4 4 4 7 7 3
3 9 4 5 4 4 4 6 6 3
4 9 4 4 4 4 4 6 4 3
5 9 6 9 4 4 5 6 6 3
6 9 5 9 4 4 5 7 5 3
7 9 5 5 4 3 5 5 5 3
8 9 5 5 4 3 5 6 5 3
9 9 5 5 4 4 5 6 5 3
10 9 6 5 4 4 5 6 6 3
11 9 9 8 4 1 5 7 7 3
12 9 4 5 4 4 4 7 5 3
13 9 4 5 4 4 4 8 6 3
14 9 4 5 4 4 5 6 5 3
15 9 0 5 4 4 5 6 6 3
16 9 4 4 4 4 4 6 6 3
17 9 8 5 4 4 4 7 7 3
18 9 9 5 4 4 5 8 8 3
19 9 0 5 4 4 4 8 8 3
20 9 0 5 4 4 5 8 7 3
21 9 5 5 4 4 4 5 5 3
22 9 0 5 4 4 5 8 6 3
23 9 5 5 4 1 5 7 5 3
24 9 5 5 4 1 5 6 5 3
25 9 6 6 4 4 5 7 6 3
26 9 7 5 4 4 4 7 6 3
27 9 9 5 4 4 5 6 5 3
28 9 4 5 4 4 5 6 5 3
29 9 4 5 4 4 4 6 4 3
30 9 5 5 4 4 4 5 5 3
31 9 4 5 4 4 5 7 6 3
32 9 5 4 4 3 5 5 5 3
33 9 8 4 4 4 4 6 5 3
34 9 4 5 4 4 4 6 5 3
35 9 5 5 4 4 5 5 5 3
36 9 7 5 4 3 5 7 6 3
37 9 5 5 4 4 4 5 5 3
38 9 9 5 4 4 5 6 6 3
39 9 5 5 4 4 4 6 5 3
40 9 7 5 4 1 5 7 6 3
41 9 5 5 4 4 5 5 5 3
42 9 4 5 4 4 4 6 4 3
43 9 5 5 4 4 5 6 5 3
44 9 9 5 4 2 5 5 5 3
45 9 9 6 4 4 4 7 6 3
46 9 5 5 4 1 3 5 5 3
47 9 5 5 4 4 5 5 5 3
48 9 5 6 4 4 4 5 5 3
49 9 8 5 4 4 5 7 7 3
50 9 5 5 4 4 4 6 5 3
51 9 7 5 4 4 5 6 6 3
52 9 5 5 4 4 5 7 5 3
53 9 0 5 4 1 5 6 6 3
54 9 5 5 4 4 5 5 5 3
55 9 5 5 4 4 5 5 5 3
56 9 5 4 4 4 4 7 6 3
57 9 5 5 4 4 5 6 5 3
58 9 6 5 4 4 5 6 6 3
59 9 5 5 4 4 5 5 5 3
60 9 0 5 4 4 4 6 6 3
61 9 0 5 4 4 4 5 5 3
62 9 4 7 4 4 4 6 6 3
63 9 6 9 4 4 5 6 6 3
64 9 5 6 4 4 5 5 5 3
65 9 4 5 4 4 5 5 5 3
66 9 6 5 4 4 5 6 6 3
67 9 5 5 4 4 4 6 6 3
68 9 1 5 4 4 4 7 6 3
69 9 5 4 4 4 5 5 5 3
70 9 0 5 4 4 4 5 5 3
71 9 0 5 4 1 5 6 6 3
72 9 9 5 4 3 5 7 5 3
73 9 5 5 4 4 5 5 5 3
74 9 9 5 4 1 5 8 8 3
75 9 4 5 4 1 5 5 5 3
76 9 0 5 4 3 5 6 6 3
77 9 4 5 4 4 5 6 6 3
78 9 0 5 4 4 5 8 8 3
79 9 4 5 4 4 4 7 6 3
80 9 9 5 4 4 4 7 5 3
81 9 4 9 4 4 4 5 5 3
82 9 0 6 4 4 5 7 5 3
83 9 5 5 4 4 5 5 5 3
84 9 8 5 4 4 4 6 6 3
85 9 4 5 4 4 4 7 7 3
86 9 5 5 4 4 5 5 5 3
87 9 4 5 4 4 4 5 5 3
88 9 9 5 4 4 5 7 6 3
89 9 5 5 4 4 5 9 5 3
90 9 5 5 4 4 5 5 5 3
91 9 4 5 4 4 4 7 7 3
92 9 9 5 4 4 4 8 6 3
93 9 0 5 4 4 5 7 7 3
94 9 9 5 4 4 4 6 6 3
95 9 6 9 4 4 4 6 6 3
96 9 5 5 4 4 5 7 5 3
97 9 9 4 4 4 5 6 6 3
98 9 4 5 4 4 5 5 5 3
99 9 4 5 4 4 4 6 4 3
100 9 6 6 4 4 4 6 6 3
101 9 5 5 4 4 5 5 5 3
102 9 5 5 4 4 4 6 5 3
103 9 5 6 4 4 5 7 5 3
104 9 7 5 4 4 4 6 6 3
105 9 5 4 4 4 4 5 5 3
106 9 5 5 4 4 4 7 5 3
107 9 5 4 4 4 4 5 5 3
108 9 5 5 4 4 5 7 5 3
109 9 7 5 4 4 4 7 5 3
110 9 5 6 4 4 5 6 5 3
111 9 4 6 4 4 4 7 7 3
112 9 0 5 4 4 5 7 6 3
113 9 9 8 4 4 5 6 6 3
114 9 9 5 4 4 5 8 5 3
115 9 5 6 4 4 4 5 5 3
116 9 5 7 4 1 5 7 5 3
117 9 0 5 4 4 4 6 6 3
118 9 5 5 4 4 5 5 5 3
119 9 0 5 4 1 5 7 7 3
120 9 5 9 4 4 4 5 5 3
121 9 0 5 4 4 5 7 7 3
122 9 5 5 4 4 5 6 5 3
123 9 5 5 4 4 4 5 5 3
124 9 4 5 4 4 5 7 5 3
125 9 9 5 4 4 5 6 5 3
126 9 5 9 4 4 4 7 5 3
127 9 0 5 4 4 4 6 6 3
128 9 5 5 4 4 5 6 5 3
129 9 5 6 4 4 5 8 8 3
130 9 6 5 4 4 5 6 5 3
131 9 5 5 4 4 4 5 5 3
132 9 9 6 4 4 4 7 7 3
133 9 6 5 4 4 5 6 6 3
134 9 5 4 4 4 4 5 5 3
135 9 4 5 4 4 5 6 5 3
136 9 5 5 4 4 4 6 5 3
137 9 5 9 4 4 4 5 5 3
138 9 6 5 4 4 4 6 6 3
139 9 6 5 4 4 4 6 5 3
140 9 9 5 4 1 5 8 5 3
141 9 9 5 4 4 5 6 6 3
142 9 4 5 4 4 5 7 5 3
143 9 9 9 4 4 4 6 6 3
144 9 4 5 4 4 4 6 5 3
145 9 4 5 4 4 4 6 6 3
146 9 5 5 4 4 4 7 6 3
147 9 5 5 4 4 4 6 5 3
148 9 5 5 4 1 5 5 5 3
149 9 5 5 4 4 4 6 5 3
150 9 5 5 4 4 5 6 5 3
151 9 5 5 4 4 4 5 5 3
152 9 5 5 4 4 4 6 5 3
153 9 9 5 4 4 4 7 6 3
154 9 4 4 4 4 4 5 5 3
155 9 9 6 4 4 4 7 5 3
156 9 9 9 4 4 5 6 5 3
157 9 5 5 4 4 5 5 5 3
158 9 5 5 4 4 4 6 5 3
159 9 5 9 4 4 5 8 5 3
160 9 5 5 4 4 5 5 5 3
161 9 6 5 4 1 5 7 6 3
162 9 8 5 4 4 4 6 6 3
163 9 8 5 4 1 5 7 5 3
164 9 5 8 4 4 4 5 5 3
165 9 5 5 4 4 5 6 5 3
166 9 9 5 4 4 5 7 5 3
167 9 5 5 4 4 4 6 5 3
168 9 5 5 4 4 5 5 5 3
169 9 4 5 4 4 5 6 6 3
170 9 9 5 4 1 5 8 6 3
171 9 5 7 4 4 4 6 5 3
172 9 0 5 4 4 4 5 5 3
173 9 6 5 4 1 5 6 6 3
174 9 4 5 4 4 4 7 7 3
175 9 5 5 4 4 5 5 5 3
176 9 5 6 4 4 5 6 5 3
177 9 0 6 4 3 5 7 6 3
178 9 0 6 4 4 5 6 6 3
179 9 9 6 4 1 5 7 7 3
180 9 4 5 4 4 4 6 6 3
181 9 6 5 4 4 4 6 5 3
182 9 5 5 4 4 4 7 5 3
183 9 5 5 4 4 5 6 6 3
184 9 4 5 4 4 4 6 5 3
185 9 6 5 4 4 5 6 6 3
186 9 5 5 4 4 4 5 5 3
187 9 3 5 3 2 5 9 6 3
188 9 6 5 4 4 5 6 6 3
189 9 6 5 4 4 5 6 6 3
190 9 9 5 4 4 4 7 6 3
191 9 9 6 4 4 5 6 5 3
192 9 6 5 4 4 5 6 6 3
193 9 3 5 4 4 5 6 6 3
194 9 7 5 4 1 5 7 6 3
195 9 4 5 4 1 5 6 6 3
196 9 0 5 4 4 5 5 5 3
197 9 8 4 4 1 4 7 7 3
198 9 0 5 4 4 5 6 6 3
199 9 0 5 4 4 5 6 5 3
200 9 5 5 4 4 4 5 5 3
201 9 4 9 4 4 4 5 5 3
202 9 5 5 4 4 5 7 5 3
203 9 4 5 4 4 4 5 5 3
204 9 5 5 4 4 4 6 5 3
205 9 4 8 4 4 5 6 6 3
206 9 9 9 4 4 4 5 5 3
207 9 5 5 4 4 4 5 5 3
208 9 5 5 4 4 4 6 5 3
209 9 5 5 4 4 4 6 6 3
210 9 5 5 4 1 5 6 5 3
211 9 6 5 4 4 4 6 6 3
212 9 0 5 4 4 4 5 5 3
213 9 4 5 4 4 5 5 5 3
214 9 9 4 4 4 4 6 6 3
215 9 4 5 4 4 5 5 5 3
216 9 5 5 4 4 5 5 5 3
217 9 5 5 4 3 5 6 5 3
218 9 5 5 4 4 4 5 5 3
219 9 9 5 4 4 5 9 7 3
220 9 5 4 4 4 4 6 5 3
221 9 9 5 4 4 5 6 6 3
222 9 5 5 4 4 4 6 5 3
223 9 5 5 4 2 5 5 5 3
224 9 6 5 4 4 5 6 6 3
225 9 7 9 4 4 4 7 6 3
226 9 6 5 4 4 5 6 5 3
227 9 4 5 4 4 4 7 6 3
228 9 5 4 4 1 5 7 5 3
229 9 5 5 4 4 5 5 5 3
230 9 5 5 4 4 5 5 5 3
231 9 5 5 4 3 5 5 5 3
232 9 4 5 4 1 5 5 5 3
233 9 4 5 4 4 5 6 6 3
234 9 6 5 4 4 4 6 6 3
235 9 5 4 4 4 4 5 5 3
236 9 4 9 4 4 4 5 5 3
237 9 4 5 4 4 4 6 6 3
238 9 7 4 4 4 4 7 6 3
239 9 5 9 4 4 5 6 6 3
240 9 4 5 4 4 4 7 7 3
241 9 5 5 4 4 5 5 5 3
242 9 0 5 4 4 4 7 6 3
243 9 5 5 4 4 5 6 5 3
244 9 6 5 4 4 5 6 6 3
245 9 5 5 4 1 5 5 5 3
246 9 5 4 3 4 4 5 5 3
247 9 9 4 4 4 4 6 5 3
248 9 5 8 4 4 4 6 5 3
249 9 5 5 4 4 4 6 5 3
250 9 5 5 4 4 4 5 5 3
251 9 0 5 4 4 5 8 8 3
252 9 5 5 4 4 4 7 5 3
253 9 0 5 4 4 5 7 6 3
254 9 5 5 4 4 5 6 5 3
255 9 0 5 4 4 4 6 5 3
256 9 6 5 4 3 5 6 6 3
257 9 5 5 4 1 5 5 5 3
258 9 5 5 4 4 5 5 5 3
259 9 8 5 4 4 4 7 6 3
260 9 9 5 4 4 4 8 8 3
261 9 7 5 4 4 5 7 6 3
262 9 5 5 4 4 4 6 5 3
263 9 6 5 4 4 5 9 6 3
264 9 4 6 4 4 4 7 5 3
265 9 9 5 4 4 5 6 6 3
266 9 5 5 4 4 4 5 5 3
267 9 5 5 4 4 5 6 5 3
268 9 8 5 4 4 4 6 6 3
269 9 4 5 4 4 5 6 6 3
270 9 4 5 4 4 4 6 6 3
271 9 5 5 4 4 5 6 5 3
272 9 5 5 4 4 5 6 5 3
273 9 5 5 4 4 5 5 5 3
274 9 6 9 4 4 5 6 6 3
275 9 5 5 4 1 5 5 5 3
276 9 5 5 4 4 4 6 5 3
277 9 5 5 4 4 5 6 5 3
278 9 5 5 4 4 4 7 5 3
279 9 5 5 4 4 5 5 5 3
280 9 5 5 4 4 4 6 5 3
281 9 6 5 4 3 5 6 6 3
282 9 5 5 4 4 5 6 5 3
283 9 5 5 4 4 4 5 5 3
284 9 9 5 4 4 4 7 5 3
285 9 5 5 4 4 4 5 5 3
286 9 4 5 4 4 4 9 6 3
287 9 0 5 4 4 4 6 6 3
288 9 4 9 4 4 4 5 5 3
289 9 9 5 4 4 4 7 5 3
290 9 0 5 4 4 4 6 5 3
291 9 6 5 4 1 5 6 6 3
292 9 4 5 4 4 4 6 6 3
293 9 5 5 4 1 5 6 5 3
294 9 4 7 4 4 4 9 7 3
295 9 5 5 4 1 5 7 6 3
296 9 7 5 4 4 5 7 6 3
297 9 4 5 4 4 4 6 6 3
298 9 5 6 4 4 4 6 5 3
299 9 9 5 4 4 5 6 6 3
300 9 4 5 4 4 5 6 6 3
301 9 0 5 4 4 5 6 6 3
302 9 5 5 4 4 4 6 5 3
303 9 4 5 4 4 5 6 6 3
304 9 5 5 4 4 4 6 5 3
305 9 0 6 4 4 4 7 4 3
306 9 5 5 4 4 4 5 5 3
307 9 5 5 4 4 5 5 5 3
308 9 5 9 4 4 4 5 5 3
309 9 9 5 4 4 5 7 5 3
310 9 9 5 4 4 5 6 6 3
311 9 7 5 4 4 4 7 5 3
312 9 5 5 4 4 5 6 5 3
313 9 6 5 4 4 4 6 6 3
314 9 5 5 4 4 5 5 5 3
315 9 6 5 4 4 5 6 6 3
316 9 4 5 4 4 5 7 6 3
317 9 4 5 4 4 5 7 7 3
318 9 6 5 4 2 5 6 5 3
319 9 6 5 4 4 4 6 5 3
320 9 5 5 4 4 5 5 5 3
321 9 6 5 3 1 5 6 6 3
322 9 6 5 4 4 4 7 6 3
323 9 4 9 4 4 4 8 8 3
324 9 6 5 4 1 5 6 6 3
325 9 4 5 4 1 5 9 6 3
326 9 0 5 4 3 5 5 5 3
327 9 7 5 4 4 5 7 6 3
328 9 5 5 4 4 5 6 5 3
329 9 5 6 4 4 4 7 5 3
330 9 0 5 4 1 5 7 6 3
331 9 9 5 4 4 4 7 7 3
332 9 5 5 4 4 4 6 5 3
333 9 6 5 4 1 5 6 6 3
334 9 5 5 4 4 5 5 5 3
335 9 4 5 4 4 5 6 6 3
336 9 5 5 4 4 5 5 5 3
337 9 0 5 4 4 4 7 7 3
338 9 9 5 4 4 4 7 6 3
339 9 5 5 4 4 4 5 5 3
340 9 4 9 4 1 5 7 7 3
341 9 5 5 4 4 4 5 5 3
342 9 0 5 4 5 5 6 6 3
343 9 5 6 4 4 4 6 5 3
344 9 5 5 4 4 5 5 5 3
345 9 5 5 4 1 5 6 5 3
346 9 5 5 4 4 5 7 7 3
347 9 5 5 4 1 5 8 5 3
348 9 0 5 4 4 4 6 5 3
349 9 6 5 4 4 4 7 6 3
350 9 6 5 4 1 5 7 6 3
351 9 5 5 4 4 5 5 5 3
352 9 9 5 4 4 4 6 5 3
353 9 5 5 4 4 5 5 5 3
354 9 6 5 4 4 4 6 5 3
355 9 9 5 4 4 5 7 6 3
356 9 5 5 4 1 5 6 5 3
357 9 5 6 4 4 5 6 5 3
358 9 9 5 3 3 5 6 6 3
359 9 5 5 4 4 5 6 6 3
360 9 7 5 4 4 5 7 5 3
361 9 5 5 4 1 5 7 6 3
362 9 4 9 4 1 5 5 5 3
363 9 5 5 4 4 5 7 5 3
364 9 0 5 4 4 4 6 6 3
365 9 9 5 4 4 5 7 7 3
366 9 5 5 4 4 4 6 5 3
367 9 9 5 4 4 5 9 6 3
368 9 4 5 4 4 4 6 5 3
369 9 5 8 4 4 5 6 5 3
370 9 5 5 4 4 5 7 5 3
371 9 5 9 4 4 4 5 5 3
372 9 6 5 4 4 5 6 6 3
373 9 4 5 4 4 4 7 7 3
374 9 4 5 4 4 5 6 5 3
375 9 5 5 4 4 5 6 5 3
376 9 4 5 4 4 4 6 6 3
377 9 5 5 4 4 5 6 5 3
378 9 5 4 4 4 4 8 5 3
379 9 6 5 4 4 5 7 6 3
380 9 5 5 4 1 5 5 5 3
381 9 4 5 4 4 4 5 5 3
382 9 6 5 4 4 4 6 6 3
383 9 0 5 4 4 4 8 8 3
384 9 7 5 3 3 5 6 6 3
385 9 5 5 4 4 5 6 5 3
386 9 6 5 4 4 5 6 6 3
387 9 4 9 4 4 5 6 6 3
388 9 6 5 4 4 5 6 6 3
389 9 9 5 4 4 4 9 6 3
390 9 9 5 4 4 4 7 6 3
391 9 9 6 4 4 4 6 5 3
392 9 6 5 4 4 5 7 6 3
393 9 9 5 4 4 4 9 6 3
394 9 7 5 4 4 5 7 7 3
395 9 5 5 4 4 5 6 5 3
396 9 9 5 4 4 4 7 6 3
397 9 9 5 4 1 5 6 5 3
398 9 0 5 4 4 4 7 7 3
399 9 8 6 4 4 4 8 7 3
400 9 5 5 4 1 5 5 5 3
401 9 6 5 4 4 5 6 6 3
402 9 5 5 4 4 4 6 5 3
403 9 5 5 4 4 5 5 5 3
404 9 9 9 4 1 4 9 5 3
405 9 9 5 4 4 5 6 6 3
406 9 5 5 4 4 4 6 5 3
407 9 4 5 4 4 5 5 5 3
408 9 5 5 4 4 5 7 6 3
409 9 9 6 4 4 4 6 6 3
410 9 5 5 4 4 5 5 5 3
411 9 5 5 4 4 5 5 5 3
412 9 0 5 4 4 5 7 6 3
413 9 5 5 3 3 5 5 5 3
414 9 0 5 4 1 5 8 8 3
415 9 7 4 4 4 4 7 6 3
416 9 4 9 4 4 4 6 5 3
417 9 9 9 4 4 5 7 7 3
418 9 5 5 4 4 5 6 5 3
419 9 5 4 4 4 4 5 5 3
420 9 9 5 4 4 5 9 6 3
421 9 5 5 4 4 4 7 7 3
422 9 5 5 4 4 5 5 5 3
423 9 5 5 4 4 5 6 5 3
424 9 0 6 4 4 4 6 6 3
425 9 5 5 4 4 5 5 5 3
426 9 9 5 4 1 5 7 7 3
427 9 5 5 4 4 5 5 5 3
428 9 6 5 4 4 5 7 6 3
429 9 5 5 4 4 4 7 7 3
430 9 4 5 4 4 4 5 4 3
431 9 9 5 4 4 5 7 6 3
432 9 6 5 4 4 5 6 5 3
433 9 4 5 4 4 5 6 6 3
434 9 5 5 4 4 4 7 5 3
435 9 0 5 4 1 5 6 5 3
436 9 5 5 4 3 5 6 5 3
437 9 4 5 4 3 5 6 6 3
438 9 6 9 4 4 4 6 6 3
439 9 5 5 4 3 5 5 5 3
440 9 5 5 4 3 5 5 5 3
441 9 5 5 4 4 5 5 5 3
442 9 4 5 4 4 4 5 5 3
443 9 4 5 4 4 4 6 4 3
444 9 9 5 4 4 4 7 5 3
445 9 5 6 4 4 5 5 5 3
446 9 4 5 4 4 5 6 6 3
447 9 4 5 4 4 4 7 4 3
448 9 5 6 4 4 5 6 5 3
449 9 5 5 4 4 4 5 5 3
450 9 5 5 4 1 5 5 5 3
451 9 5 5 4 4 5 6 5 3
452 9 5 6 4 4 5 5 5 3
453 9 0 5 4 1 5 6 6 3
454 9 9 5 4 4 4 9 9 3
455 9 4 5 4 4 5 5 5 3
456 9 5 9 4 4 4 6 5 3
457 9 4 5 4 4 4 7 6 3
458 9 5 5 4 4 4 6 5 3
459 9 4 5 4 4 5 5 5 3
460 9 5 5 4 4 4 5 5 3
461 9 5 5 4 4 5 5 5 3
462 9 4 5 4 4 5 6 6 3
463 9 5 5 4 4 5 5 5 3
464 9 0 5 4 4 5 7 7 3
465 9 5 5 4 4 5 5 5 3
466 9 5 5 4 4 4 6 5 3
467 9 5 5 4 4 5 5 5 3
468 9 4 5 4 4 4 6 5 3
469 9 6 5 4 4 5 6 6 3
470 9 9 5 4 1 5 6 6 3
471 9 4 5 4 4 4 7 6 3
472 9 4 6 4 4 5 5 5 3
473 9 5 5 4 4 4 5 5 3
474 9 5 5 4 4 4 5 5 3
475 9 5 4 4 4 4 6 5 3
476 9 0 9 4 4 5 6 6 3
477 9 9 5 4 4 4 8 8 3
478 9 5 5 4 4 5 6 6 3
479 9 9 5 4 4 4 6 6 3
480 9 5 5 4 4 5 6 5 3
481 9 4 5 4 4 4 6 6 3
482 9 4 5 4 4 4 8 5 3
483 9 4 5 4 4 4 8 6 3
484 9 7 5 4 4 4 7 6 3
485 9 5 4 4 4 4 5 5 3
486 9 6 5 4 4 5 6 6 3
487 9 9 9 4 4 5 9 5 3
488 9 5 5 4 4 5 6 5 3
489 9 0 5 4 1 5 6 5 3
490 9 4 5 4 4 4 6 5 3
491 9 5 6 4 1 5 5 5 3
492 9 5 5 4 4 5 6 5 3
493 9 9 5 4 4 5 6 6 3
494 9 6 5 4 4 4 6 6 3
495 9 0 4 4 4 4 7 5 3
496 9 6 5 4 4 4 6 6 3
497 9 5 5 4 4 5 6 5 3
498 9 8 5 4 4 4 8 5 3
499 9 4 5 4 4 5 6 6 3
500 9 0 5 4 4 4 7 6 3
501 9 6 5 4 4 5 6 5 3
502 9 5 5 4 1 5 5 5 3
503 9 5 5 4 4 5 6 5 3
504 9 0 5 4 4 5 6 6 3
505 9 5 7 4 4 4 6 6 3
506 9 5 5 4 4 5 5 5 3
507 9 5 5 4 4 5 7 5 3
508 9 0 6 4 4 4 6 6 3
509 9 9 5 4 4 5 7 5 3
510 9 5 5 4 4 4 6 5 3
511 9 0 5 4 4 5 7 6 3
512 9 5 9 4 4 5 6 5 3
513 9 4 6 4 4 4 5 4 3
514 9 5 5 4 1 5 5 5 3
515 9 7 5 4 1 5 6 6 3
516 9 6 6 4 4 4 6 6 3
517 9 5 5 4 4 4 6 5 3
518 9 5 9 4 4 4 6 5 3
519 9 5 5 4 1 5 5 5 3
520 9 0 5 4 4 5 6 6 3
521 9 5 5 4 4 4 5 5 3
522 9 4 5 4 4 4 7 4 3
523 9 6 6 4 1 5 6 6 3
524 9 7 5 3 3 5 6 6 3
525 9 5 5 4 4 5 6 5 3
526 9 7 5 4 4 4 7 7 3
527 9 9 5 4 4 5 7 6 3
528 9 6 5 4 4 5 6 5 3
529 9 5 5 4 4 5 6 5 3
530 9 5 5 4 4 4 5 5 3
531 9 0 8 4 4 5 6 5 3
532 9 5 5 4 4 5 7 5 3
533 9 4 5 4 4 4 7 6 3
534 9 4 6 4 4 4 7 7 3
535 9 9 5 4 4 5 7 6 3
536 9 9 5 4 4 4 9 6 3
537 9 7 9 4 4 4 6 6 3
538 9 0 6 4 4 5 7 6 3
539 9 6 5 4 4 4 6 6 3
540 9 5 9 4 4 4 5 5 3
541 9 6 5 4 1 5 6 6 3
542 9 4 5 4 3 5 6 6 3
543 9 4 5 4 4 4 6 6 3
544 9 5 5 4 4 4 6 6 3
545 9 4 5 4 4 5 7 7 3
546 9 6 5 4 4 5 6 5 3
547 9 4 5 4 4 4 6 5 3
548 9 6 9 4 4 5 6 6 3
549 9 5 5 4 4 5 6 6 3
550 9 4 5 4 5 5 7 7 3
551 9 0 5 4 4 5 7 7 3
552 9 5 6 4 3 5 5 5 3
553 9 7 9 4 4 4 6 6 3
554 9 5 5 4 4 5 6 6 3
555 9 5 5 4 4 4 5 5 3
556 9 5 5 4 1 5 5 5 3
557 9 6 5 4 4 5 6 6 3
558 9 6 6 4 4 4 6 5 3
559 9 5 5 4 4 5 6 5 3
560 9 5 5 4 1 5 6 5 3
561 9 0 5 4 4 5 6 6 3
562 9 3 4 4 4 4 7 6 3
563 9 5 5 4 3 5 7 7 3
564 9 5 5 4 4 5 7 5 3
565 9 5 5 4 4 5 6 5 3
566 9 5 5 4 4 5 5 5 3
567 9 5 5 4 4 5 6 6 3
568 9 0 5 4 1 5 7 7 3
569 9 8 4 4 4 4 6 6 3
570 9 5 5 4 4 4 6 6 3
571 9 5 5 4 4 4 5 5 3
572 9 5 5 4 4 4 6 5 3
573 9 5 6 4 4 5 7 6 3
574 9 4 6 4 1 5 5 5 3
575 9 5 5 4 4 5 6 5 3
576 9 4 5 4 4 5 7 6 3
577 9 0 5 4 4 5 7 7 3
578 9 5 6 4 4 4 6 5 3
579 9 5 6 4 4 4 5 5 3
580 9 4 5 4 4 5 7 6 3
581 9 0 5 4 4 5 6 6 3
582 9 4 5 4 4 4 7 6 3
583 9 4 5 4 4 5 6 6 3
584 9 0 5 4 4 4 7 6 3
585 9 5 5 4 4 5 5 5 3
586 9 0 5 4 4 5 7 7 3
587 9 0 5 4 4 5 6 5 3
588 9 9 5 4 1 5 6 6 3
589 9 5 4 4 4 4 6 5 3
590 9 4 5 4 4 5 6 6 3
591 9 8 8 4 4 4 7 6 3
592 9 4 5 4 4 4 8 5 3
593 9 5 5 4 4 5 6 5 3
594 9 0 5 4 4 5 7 7 3
595 9 5 5 4 4 4 5 5 3
596 9 4 5 4 4 5 6 6 3
597 9 5 5 4 4 4 6 5 3
598 9 5 5 4 1 5 6 5 3
599 9 5 5 4 4 4 5 5 3
600 9 6 5 4 4 4 6 6 3
601 9 4 5 4 4 4 6 5 3
602 9 5 5 4 4 5 6 5 3
603 9 4 7 4 4 4 8 6 3
604 9 9 5 4 4 4 7 6 3
605 9 5 4 4 4 4 6 5 3
606 9 4 5 4 4 4 5 4 3
607 9 6 5 4 1 5 6 6 3
608 9 5 5 4 1 5 5 5 3
609 9 5 5 4 4 5 6 6 3
610 9 9 5 4 4 4 6 6 3
611 9 8 5 4 1 5 7 6 3
612 9 5 5 4 3 5 5 5 3
613 9 9 5 4 1 5 6 6 3
614 9 0 6 4 4 4 6 6 3
615 9 5 5 4 1 5 6 5 3
616 9 4 5 4 4 4 6 5 3
617 9 0 5 4 4 5 6 6 3
618 9 5 9 4 3 5 5 5 3
619 9 0 5 4 4 5 6 5 3
620 9 4 5 4 4 4 7 5 3
621 9 5 5 4 4 4 7 5 3
622 9 5 5 4 4 4 5 5 3
623 9 7 5 4 4 5 6 6 3
624 9 9 5 4 4 4 6 5 3
625 9 9 5 4 4 4 7 6 3
626 9 5 7 4 4 4 6 5 3
627 9 5 5 4 4 5 6 5 3
628 9 0 5 4 4 5 7 5 3
629 9 7 5 4 4 5 6 6 3
630 9 7 5 4 4 4 7 7 3
631 9 5 5 4 4 5 5 5 3
632 9 9 5 4 4 4 7 5 3
633 9 5 5 4 4 4 6 5 3
634 9 6 5 4 4 4 6 6 3
635 9 5 5 4 4 4 6 6 3
636 9 4 5 4 4 5 7 7 3
637 9 8 9 4 4 4 6 6 3
638 9 5 5 4 1 5 7 5 3
639 9 0 7 4 4 4 7 5 3
640 9 5 9 4 4 4 5 5 3
641 9 5 6 4 4 4 5 5 3
642 9 0 9 4 4 5 6 6 3
643 9 6 5 4 4 5 6 5 3
644 9 6 5 4 4 5 6 6 3
645 9 4 5 4 4 4 7 7 3
646 9 5 5 4 4 4 6 5 3
647 9 5 5 4 4 4 7 6 3
648 9 5 5 4 4 4 5 5 3
649 9 5 5 4 4 4 7 5 3
650 9 0 5 4 4 4 6 4 3
651 9 5 5 4 4 5 6 6 3
652 9 5 5 4 4 5 5 5 3
653 9 4 6 4 4 5 6 6 3
654 9 4 5 4 4 5 7 5 3
655 9 5 5 4 4 4 7 5 3
656 9 5 5 4 4 5 5 5 3
657 9 6 8 4 4 4 6 5 3
658 9 0 5 4 4 4 7 7 3
659 9 6 5 4 4 5 7 6 3
660 9 7 5 4 4 4 7 7 3
661 9 5 5 4 4 4 6 5 3
662 9 5 5 4 4 5 7 7 3
663 9 5 5 4 4 5 8 6 3
664 9 0 5 4 4 4 8 6 3
665 9 4 5 4 4 5 7 7 3
666 9 7 5 4 4 4 6 6 3
667 9 0 5 4 4 5 8 6 3
668 9 5 5 4 4 4 5 5 3
669 9 6 5 4 4 5 6 6 3
670 9 5 5 4 4 5 5 5 3
671 9 0 5 4 4 4 7 7 3
672 9 7 5 4 4 5 7 7 3
673 9 4 5 4 4 4 6 5 3
674 9 5 4 4 4 5 5 5 3
675 9 5 4 4 4 4 7 5 3
676 9 5 5 4 4 4 5 5 3
677 9 5 5 4 4 4 5 5 3
678 9 5 5 4 4 5 6 6 3
679 9 5 5 4 4 4 5 5 3
680 9 6 5 4 1 5 6 6 3
681 9 4 5 4 4 5 7 7 3
682 9 5 5 4 4 5 5 5 3
683 9 5 5 4 1 5 6 6 3
684 9 5 5 4 4 4 6 5 3
685 9 9 9 4 4 5 5 5 3
686 9 4 5 4 4 5 5 5 3
687 9 5 5 4 4 4 5 5 3
688 9 5 5 4 4 4 7 5 3
689 9 5 5 4 4 5 6 5 3
690 9 5 5 4 4 4 5 5 3
691 9 0 5 4 4 4 6 6 3
692 9 5 5 4 4 5 5 5 3
693 9 5 5 4 1 5 5 5 3
694 9 6 6 4 4 4 6 6 3
695 9 4 5 4 4 5 7 7 3
696 9 9 5 4 4 5 6 6 3
697 9 6 5 4 4 5 6 5 3
698 9 5 5 4 4 5 5 5 3
699 9 5 5 4 4 5 6 5 3
700 9 5 7 4 4 4 7 5 3
701 9 5 6 4 4 5 5 5 3
702 9 9 5 4 4 5 6 6 3
703 9 5 5 4 4 5 5 5 3
704 9 0 5 4 4 4 5 5 3
705 9 5 5 4 4 5 6 5 3
706 9 4 5 4 4 4 6 6 3
707 9 7 9 4 4 4 5 5 3
708 9 9 6 4 4 4 6 6 3
709 9 5 5 4 4 4 5 5 3
710 9 5 9 4 4 5 6 6 3
711 9 4 5 4 4 5 7 6 3
712 9 5 5 4 4 5 5 5 3
713 9 7 5 4 1 5 7 7 3
714 9 5 5 4 1 5 5 5 3
715 9 6 5 4 4 5 6 5 3
716 9 5 5 4 4 5 5 5 3
717 9 9 5 4 4 4 7 6 3
718 9 5 4 4 4 4 6 6 3
719 9 4 5 4 4 4 8 8 3
720 9 4 5 4 4 4 7 6 3
721 9 6 5 4 4 5 6 6 3
722 9 9 5 4 4 4 7 5 3
723 9 5 5 4 4 5 5 5 3
724 9 5 5 4 4 5 6 5 3
725 9 4 5 4 4 4 7 5 3
726 9 7 5 4 4 4 6 6 3
727 9 5 5 4 4 5 6 5 3
728 9 4 5 4 4 4 6 5 3
729 9 0 5 4 4 5 6 6 3
730 9 4 5 4 4 4 6 6 3
731 9 0 5 4 4 5 6 6 3
732 9 0 5 4 4 5 7 6 3
733 9 5 5 4 4 5 6 5 3
734 9 4 5 4 1 5 7 7 3
735 9 5 5 4 4 4 5 5 3
736 9 9 5 4 4 4 7 6 3
737 9 7 5 4 4 4 6 6 3
738 9 5 5 4 4 5 6 6 3
739 9 4 5 4 4 4 6 4 3
740 9 9 6 4 4 4 8 5 3
741 9 9 4 4 4 4 9 7 3
742 9 0 5 4 4 5 7 6 3
743 9 9 5 4 4 5 7 5 3
744 9 6 5 4 4 4 6 6 3
745 9 5 4 4 4 5 6 5 3
746 9 0 5 4 4 5 7 6 3
747 9 5 5 4 4 4 5 5 3
748 9 5 5 4 1 5 5 5 3
749 9 9 6 4 4 4 7 4 3
750 9 5 5 4 4 4 5 5 3
751 9 9 5 4 4 5 7 7 3
752 9 5 5 4 1 5 6 6 3
753 9 5 5 4 4 4 6 5 3
754 9 7 5 4 1 5 7 5 3
755 9 5 6 4 4 4 5 5 3
756 9 5 5 4 4 4 6 5 3
757 9 4 4 4 4 5 8 5 3
758 9 4 5 4 4 4 6 6 3
759 9 6 5 4 4 5 6 6 3
760 9 5 5 4 4 4 5 5 3
761 9 4 6 4 1 5 5 4 3
762 9 8 6 4 1 5 5 5 3
763 9 5 5 4 4 4 6 5 3
764 9 5 5 4 4 4 7 7 3
765 9 4 5 4 4 5 5 5 3
766 9 4 5 4 1 5 6 5 3
767 9 0 5 4 1 5 7 5 3
768 9 5 5 4 4 5 6 5 3
769 9 5 4 4 4 4 5 5 3
770 9 5 4 4 4 5 5 5 3
771 9 8 6 4 4 4 7 6 3
772 9 0 5 4 4 5 5 5 3
773 9 5 6 4 4 5 6 5 3
774 9 5 5 4 1 5 5 5 3
775 9 8 5 4 4 4 7 6 3
776 9 5 5 4 4 5 5 5 3
777 9 6 5 4 4 4 6 6 3
778 9 5 5 4 4 5 5 5 3
779 9 5 5 4 4 4 5 5 3
780 9 5 5 4 4 5 6 5 3
781 9 4 5 4 4 4 5 5 3
782 9 6 5 4 4 4 6 6 3
783 9 4 5 4 4 4 8 7 3
784 9 9 5 4 4 4 6 6 3
785 9 9 5 4 4 5 6 6 3
786 9 5 5 4 4 5 5 5 3
787 9 5 5 4 4 4 5 5 3
788 9 4 5 4 4 4 6 5 3
789 9 5 5 4 1 5 5 5 3
790 9 5 5 4 1 5 9 5 3
791 9 5 5 4 4 4 6 5 3
792 9 0 5 4 4 5 6 5 3
793 9 9 5 4 4 4 6 5 3
794 9 5 5 4 4 4 6 5 3
795 9 9 5 4 4 5 7 5 3
796 9 5 5 4 4 5 6 6 3
797 9 4 5 4 4 4 9 4 3
798 9 4 5 4 4 4 6 5 3
799 9 5 6 4 4 4 7 5 3
800 9 5 7 4 4 4 5 5 3
801 9 5 5 4 4 4 5 5 3
802 9 6 5 4 4 4 6 6 3
803 9 5 6 4 4 5 5 5 3
804 9 6 5 4 4 4 6 6 3
805 9 5 5 4 4 5 5 5 3
806 9 5 5 4 4 4 5 5 3
807 9 5 5 4 4 4 5 5 3
808 9 6 5 4 4 5 6 6 3
809 9 6 5 4 4 4 7 6 3
810 9 5 9 4 4 4 5 5 3
811 9 5 5 4 4 5 6 6 3
812 9 9 5 4 4 5 7 7 3
813 9 4 5 4 4 5 9 7 3
814 9 4 6 4 4 5 7 7 3
815 9 5 5 4 4 5 7 6 3
816 9 9 5 4 3 5 6 6 3
817 9 5 5 4 4 4 6 5 3
818 9 9 5 4 4 5 8 6 3
819 9 0 5 4 4 5 6 5 3
820 9 9 5 3 3 5 6 6 3
821 9 0 5 4 4 4 6 6 3
822 9 5 5 4 4 4 5 5 3
823 9 5 6 4 4 4 5 5 3
824 9 4 5 4 4 4 6 6 3
825 9 4 5 4 4 5 6 5 3
826 9 9 5 4 4 5 7 6 3
827 9 5 5 4 4 4 6 6 3
828 9 5 6 4 4 4 5 5 3
829 9 6 5 4 4 4 7 6 3
830 9 0 5 4 4 4 7 5 3
831 9 5 5 4 4 5 5 5 3
832 9 5 5 4 4 5 6 5 3
833 9 4 5 4 4 4 5 5 3
834 9 6 5 4 4 5 6 6 3
835 9 4 9 4 4 4 6 5 3
836 9 5 4 4 4 4 6 5 3
837 9 6 5 4 4 4 6 6 3
838 9 5 6 4 4 5 8 5 3
839 9 5 8 4 4 5 5 5 3
840 9 7 5 4 4 4 6 6 3
841 9 4 5 4 4 5 6 4 3
842 9 6 5 4 4 5 6 6 3
843 9 5 5 4 4 4 6 5 3
844 9 5 5 4 4 5 5 5 3
845 9 5 5 4 4 4 5 5 3
846 9 5 5 4 4 4 6 5 3
847 9 0 5 4 1 5 8 8 3
848 9 5 9 4 4 4 5 5 3
849 9 5 5 4 4 5 5 5 3
850 9 0 5 4 4 4 7 6 3
851 9 5 5 4 4 4 6 5 3
852 9 5 9 4 4 4 6 5 3
853 9 5 5 4 4 4 5 5 3
854 9 5 5 4 4 4 5 5 3
855 9 5 5 4 4 4 6 5 3
856 9 4 5 4 1 5 6 6 3
857 9 5 5 4 4 4 9 5 3
858 9 5 5 4 1 5 6 5 3
859 9 6 5 4 1 5 6 6 3
860 9 6 5 4 4 4 6 6 3
861 9 9 5 4 4 4 7 7 3
862 9 4 5 4 4 4 8 6 3
863 9 6 4 4 4 4 6 6 3
864 9 4 5 4 4 5 7 6 3
865 9 5 6 4 4 5 7 6 3
866 9 6 5 4 4 4 6 6 3
867 9 4 5 4 4 5 7 5 3
868 9 6 5 4 4 5 6 6 3
869 9 5 5 4 4 5 6 6 3
870 9 0 5 4 4 5 6 5 3
871 9 5 5 4 4 5 6 5 3
872 9 5 5 4 4 5 6 5 3
873 9 5 6 4 4 4 5 5 3
874 9 7 5 4 4 5 7 6 3
875 9 5 5 4 4 4 6 5 3
876 9 6 5 4 4 5 6 5 3
877 9 9 5 4 4 5 6 6 3
878 9 6 5 4 4 4 6 6 3
879 9 5 5 4 4 4 6 5 3
880 9 4 5 4 4 5 6 5 3
881 9 5 5 4 4 5 5 5 3
882 9 0 5 4 4 5 6 5 3
883 9 7 5 4 4 5 7 6 3
884 9 5 4 4 4 4 6 5 3
885 9 5 5 4 4 5 5 5 3
886 9 5 5 4 4 4 5 5 3
887 9 5 5 4 4 5 7 6 3
888 9 0 5 4 4 4 5 5 3
889 9 4 5 4 4 4 7 6 3
890 9 4 4 4 4 4 6 5 3
891 9 5 5 4 4 4 5 5 3
892 9 7 5 4 4 5 7 7 3
893 9 5 4 4 4 5 6 5 3
894 9 7 5 4 4 5 7 7 3
895 9 4 5 4 4 4 6 4 3
896 9 5 5 4 4 4 6 6 3
897 9 4 5 4 4 5 6 6 3
898 9 7 8 4 4 5 6 6 3
899 9 4 5 4 4 4 5 5 3
900 9 6 5 4 4 4 6 6 3
901 9 6 6 4 4 5 6 6 3
902 9 5 5 4 4 4 5 5 3
903 9 0 5 4 4 5 9 9 3
904 9 5 5 4 4 5 6 5 3
905 9 4 5 4 4 4 7 6 3
906 9 7 5 4 4 5 7 7 3
907 9 9 5 4 4 5 6 6 3
908 9 7 5 4 4 4 7 7 3
909 9 4 5 4 4 4 6 6 3
910 9 5 5 4 4 5 5 5 3
911 9 0 5 4 4 4 8 6 3
912 9 0 5 4 4 5 6 6 3
913 9 5 4 4 4 4 6 5 3
914 9 5 5 4 1 5 6 5 3
915 9 0 5 4 4 5 6 6 3
916 9 5 5 4 4 5 5 5 3
917 9 4 5 4 4 4 6 5 3
918 9 7 5 4 4 4 7 7 3
919 9 7 5 4 4 4 5 5 3
920 9 5 5 4 4 5 5 5 3
921 9 5 5 4 4 4 6 5 3
922 9 5 5 4 4 4 7 6 3
923 9 4 5 4 4 5 6 5 3
924 9 6 5 4 4 4 6 5 3
925 9 5 5 4 1 5 6 5 3
926 9 5 5 4 4 4 6 5 3
927 9 7 6 4 4 5 7 6 3
928 9 9 5 4 4 4 6 6 3
929 9 4 4 4 4 4 6 4 3
930 9 0 5 4 4 4 5 5 3
931 9 5 5 4 4 4 6 5 3
932 9 9 6 4 4 5 6 5 3
933 9 6 5 4 4 5 6 6 3
934 9 5 5 4 4 4 7 6 3
935 9 9 6 4 3 5 7 6 3
936 9 5 6 4 4 5 5 5 3
937 9 5 5 4 4 5 7 5 3
938 9 5 5 4 4 5 7 5 3
939 9 0 5 4 4 5 7 6 3
940 9 5 5 4 4 4 5 5 3
941 9 5 5 4 4 5 5 5 3
942 9 5 6 4 4 4 6 5 3
943 9 4 5 4 4 5 6 5 3
944 9 4 5 4 4 4 6 6 3
945 9 0 5 4 4 5 6 5 3
946 9 0 5 4 1 5 6 6 3
947 9 5 5 4 4 4 5 5 3
948 9 5 5 4 1 5 6 5 3
949 9 0 5 4 4 4 9 8 3
950 9 0 5 4 1 5 8 6 3
951 9 5 5 4 4 5 7 5 3
952 9 5 5 4 4 4 5 5 3
953 9 5 5 4 4 5 5 5 3
954 9 5 6 4 1 5 6 5 3
955 9 4 5 4 4 5 6 5 3
956 9 9 6 4 4 5 6 6 3
957 9 9 5 4 2 5 6 6 3
958 9 4 5 4 1 5 6 5 3
959 9 5 5 4 4 4 7 5 3
960 9 6 5 4 4 4 7 6 3
961 9 0 5 4 4 4 5 5 3
962 9 5 5 4 1 5 5 5 3
963 9 5 5 4 1 5 5 5 3
964 9 4 4 4 4 4 6 4 3
965 9 0 5 4 4 4 6 6 3
966 9 5 5 4 4 5 5 5 3
967 9 9 6 4 4 4 6 5 3
968 9 0 6 4 4 4 7 6 3
969 9 9 5 4 4 5 6 6 3
970 9 4 5 4 4 4 6 6 3
971 9 0 5 4 4 4 9 7 3
972 9 6 5 4 4 4 6 6 3
973 9 0 5 4 4 5 6 6 3
974 9 5 6 4 4 5 6 5 3
975 9 5 5 4 4 5 5 5 3
976 9 6 5 4 4 5 6 6 3
977 9 6 4 4 4 4 6 6 3
978 9 6 8 4 1 5 6 6 3
979 9 4 5 4 4 5 6 6 3
980 9 4 5 4 4 4 6 5 3
981 9 6 5 4 4 5 6 6 3
982 9 4 5 4 4 4 6 6 3
983 9 4 5 4 4 4 6 6 3
984 9 5 5 4 4 5 5 5 3
985 9 0 9 3 3 5 6 6 3
986 9 4 5 4 4 5 5 5 3
987 9 5 5 4 4 4 7 5 3
988 9 5 5 4 4 5 6 5 3
989 9 9 5 4 4 4 6 5 3
990 9 5 5 4 4 5 6 6 3
991 9 0 6 4 4 5 6 6 3
992 9 6 5 3 3 3 6 6 3
993 9 6 7 4 4 4 6 5 3
994 9 6 5 4 4 4 6 6 3
995 9 5 5 4 4 4 5 5 3
996 9 9 5 4 4 4 7 6 3
997 9 5 6 4 4 5 5 5 3
998 9 6 6 4 4 4 6 6 3
999 9 5 5 4 4 4 6 5 3
1000 9 9 5 4 4 4 9 5 3
